{
 "ok": true,
 "F": 18,
 "nrows": 66,
 "sig_low": 0.1539521982593693,
 "eta": 1.2315219588316946e-33,
 "h": 6.271513019238678e-30,
 "radius": 1.2315219591998564e-33,
 "drop_bound": 1.7246591275904935e-32,
 "secs": 0.01,
 "turning": {
  "min_nonflat": 2.461918835,
  "nflatv": 1
 },
 "develop_spread": 2.288783399261119e-15
}