{
 "ok": true,
 "F": 24,
 "nrows": 72,
 "sig_low": 0.12647633126264737,
 "eta": 1.7132089175346207e-33,
 "h": 7.802316264619376e-30,
 "radius": 1.7132089175408048e-33,
 "drop_bound": 2.056302678626857e-32,
 "secs": 0.02,
 "turning": {
  "min_nonflat": 4.04492899,
  "nflatv": 2
 },
 "develop_spread": 8.617648093045562e-16
}