{
 "ok": true,
 "F": 20,
 "nrows": 76,
 "sig_low": 0.15181715871353216,
 "eta": 1.3876031385179616e-33,
 "h": 7.165730605265992e-30,
 "radius": 1.387603138473733e-33,
 "drop_bound": 1.943172778573921e-32,
 "secs": 0.01,
 "turning": {
  "min_nonflat": 2.461918835,
  "nflatv": 2
 },
 "develop_spread": 4.0777087644732105e-15
}