{
 "ok": true,
 "F": 18,
 "nrows": 66,
 "sig_low": 0.17646954121979608,
 "eta": 9.208988018474901e-34,
 "h": 3.005831523092613e-30,
 "radius": 9.208988016282351e-34,
 "drop_bound": 1.1055305395317735e-32,
 "secs": 0.01,
 "turning": {
  "min_nonflat": 4.372552071,
  "nflatv": 4
 },
 "develop_spread": 1.6335753826937261e-15
}