{
 "ok": true,
 "F": 36,
 "nrows": 108,
 "sig_low": 0.08408331972507264,
 "eta": 4.5096592075386814e-33,
 "h": 4.204844468879909e-29,
 "radius": 4.5096592075233266e-33,
 "drop_bound": 6.314051275243352e-32,
 "secs": 0.04,
 "turning": {
  "min_nonflat": 2.134295754,
  "nflatv": 1
 },
 "develop_spread": 3.5038047658940695e-15
}