{
 "ok": true,
 "F": 22,
 "nrows": 86,
 "sig_low": 0.13735537963964622,
 "eta": 1.6870577264605785e-33,
 "h": 9.629424497352002e-30,
 "radius": 1.6870577264372e-33,
 "drop_bound": 2.362409201722775e-32,
 "secs": 0.01,
 "turning": {
  "min_nonflat": 2.461918835,
  "nflatv": 3
 },
 "develop_spread": 4.463041323674983e-15
}