{
 "ok": true,
 "F": 42,
 "nrows": 114,
 "sig_low": 0.08151733731604567,
 "eta": 5.426876042129025e-33,
 "h": 5.219344690484237e-29,
 "radius": 5.4268760422689427e-33,
 "drop_bound": 7.598153668392863e-32,
 "secs": 0.07,
 "turning": {
  "min_nonflat": 2.829442567,
  "nflatv": 2
 },
 "develop_spread": 3.210061615366513e-15
}