{
 "ok": true,
 "F": 42,
 "nrows": 114,
 "sig_low": 0.07094817512686921,
 "eta": 6.235285943344743e-33,
 "h": 6.890190157591437e-29,
 "radius": 6.235285943449608e-33,
 "drop_bound": 8.729927530045796e-32,
 "secs": 0.07,
 "turning": {
  "min_nonflat": 1.806672673,
  "nflatv": 2
 },
 "develop_spread": 1.4486177091987838e-15
}