{
 "ok": true,
 "F": 30,
 "nrows": 102,
 "sig_low": 0.11524429172743074,
 "eta": 2.741899247330892e-33,
 "h": 1.8652976018904668e-29,
 "radius": 2.7418992474032987e-33,
 "drop_bound": 3.8391873310753127e-32,
 "secs": 0.03,
 "turning": {
  "min_nonflat": 2.461918835,
  "nflatv": 3
 },
 "develop_spread": 2.7844251801988247e-15
}