{
 "ok": true,
 "F": 24,
 "nrows": 96,
 "sig_low": 0.12015415367684494,
 "eta": 2.1039140798199963e-33,
 "h": 1.3727936888600034e-29,
 "radius": 2.1039140800928916e-33,
 "drop_bound": 2.946008096840743e-32,
 "secs": 0.01,
 "turning": {
  "min_nonflat": 2.461918835,
  "nflatv": 3
 },
 "develop_spread": 3.621437911838241e-15
}