{
 "ok": true,
 "F": 24,
 "nrows": 96,
 "sig_low": 0.1328401773419878,
 "eta": 1.902982645370212e-33,
 "h": 1.1231078005333845e-29,
 "radius": 1.902982645505306e-33,
 "drop_bound": 2.664704088418123e-32,
 "secs": 0.02,
 "turning": {
  "min_nonflat": 2.461918835,
  "nflatv": 4
 },
 "develop_spread": 4.641741426862217e-15
}