{
 "ok": true,
 "F": 36,
 "nrows": 108,
 "sig_low": 0.10257810983262,
 "eta": 3.696586197724475e-33,
 "h": 2.8252846379651075e-29,
 "radius": 3.696586197985424e-33,
 "drop_bound": 5.175748474143112e-32,
 "secs": 0.04,
 "turning": {
  "min_nonflat": 2.134295754,
  "nflatv": 4
 },
 "develop_spread": 2.715511106784476e-15
}