{
 "ok": true,
 "F": 24,
 "nrows": 96,
 "sig_low": 0.11971060993045092,
 "eta": 2.1116910582168587e-33,
 "h": 1.3829733142315978e-29,
 "radius": 2.1116910584177835e-33,
 "drop_bound": 2.9568958664955913e-32,
 "secs": 0.02,
 "turning": {
  "min_nonflat": 2.461918835,
  "nflatv": 4
 },
 "develop_spread": 4.3582440826007755e-15
}