{
 "ok": true,
 "F": 29,
 "nrows": 105,
 "sig_low": 0.11230086928065175,
 "eta": 2.7199768391265676e-33,
 "h": 1.898882756237604e-29,
 "radius": 2.7199768391354605e-33,
 "drop_bound": 3.8084959595003396e-32,
 "secs": 0.02,
 "turning": {
  "min_nonflat": 1.359347638,
  "nflatv": 3
 },
 "develop_spread": 1.9891280697202825e-15
}