{
 "ok": true,
 "F": 41,
 "nrows": 125,
 "sig_low": 0.07145595800830074,
 "eta": 6.043552067428823e-33,
 "h": 6.63086039699277e-29,
 "radius": 6.043552067399324e-33,
 "drop_bound": 8.461500691322573e-32,
 "secs": 0.06,
 "turning": {
  "min_nonflat": 1.230959417,
  "nflatv": 2
 },
 "develop_spread": 3.6687789788066426e-15
}