{
 "ok": true,
 "F": 28,
 "nrows": 108,
 "sig_low": 0.11326421223115656,
 "eta": 2.603830763470006e-33,
 "h": 1.802337453594136e-29,
 "radius": 2.603830763473107e-33,
 "drop_bound": 3.6458914535730447e-32,
 "secs": 0.02,
 "turning": {
  "min_nonflat": 1.359347638,
  "nflatv": 3
 },
 "develop_spread": 1.9984014443252818e-15
}