{
 "ok": true,
 "F": 27,
 "nrows": 111,
 "sig_low": 0.10493067321373752,
 "eta": 2.7102156674431003e-33,
 "h": 2.024964691637193e-29,
 "radius": 2.71021566743668e-33,
 "drop_bound": 3.7948303191220466e-32,
 "secs": 0.02,
 "turning": {
  "min_nonflat": 1.359347638,
  "nflatv": 3
 },
 "develop_spread": 2.24254058397701e-15
}