{
 "ok": true,
 "F": 24,
 "nrows": 96,
 "sig_low": 0.14273943565082114,
 "eta": 1.7709931183265337e-33,
 "h": 9.727224984723517e-30,
 "radius": 1.7709931186613592e-33,
 "drop_bound": 2.4799187508365973e-32,
 "secs": 0.02,
 "turning": {
  "min_nonflat": 2.461918835,
  "nflatv": 6
 },
 "develop_spread": 4.463041323674983e-15
}