{
 "ok": true,
 "F": 24,
 "nrows": 96,
 "sig_low": 0.13973656026155032,
 "eta": 1.809041253367364e-33,
 "h": 1.0149729891628565e-29,
 "radius": 1.8090412532984504e-33,
 "drop_bound": 2.5331861393285255e-32,
 "secs": 0.01,
 "turning": {
  "min_nonflat": 2.461918835,
  "nflatv": 6
 },
 "develop_spread": 3.6687789788066426e-15
}