{
 "ok": true,
 "F": 30,
 "nrows": 102,
 "sig_low": 0.1244166745338385,
 "eta": 2.539746131966248e-33,
 "h": 1.600397193480676e-29,
 "radius": 2.5397461319138684e-33,
 "drop_bound": 3.5561723816429347e-32,
 "secs": 0.03,
 "turning": {
  "min_nonflat": 2.461918835,
  "nflatv": 6
 },
 "develop_spread": 4.369485788809885e-15
}