{
 "ok": true,
 "F": 24,
 "nrows": 96,
 "sig_low": 0.12787530943938274,
 "eta": 1.9768698206725402e-33,
 "h": 1.212013442002235e-29,
 "radius": 1.9768698207467684e-33,
 "drop_bound": 2.7681461337561707e-32,
 "secs": 0.02,
 "turning": {
  "min_nonflat": 2.461918835,
  "nflatv": 6
 },
 "develop_spread": 3.2577053834795166e-15
}