{
 "ok": true,
 "F": 54,
 "nrows": 150,
 "sig_low": 0.07011189725984951,
 "eta": 8.112410237772793e-33,
 "h": 9.071398542877659e-29,
 "radius": 8.112410237894836e-33,
 "drop_bound": 1.135790213001629e-31,
 "secs": 0.14,
 "turning": {
  "min_nonflat": 1.459455312,
  "nflatv": 1
 },
 "develop_spread": 3.722145839155691e-15
}