{
 "ok": true,
 "F": 54,
 "nrows": 150,
 "sig_low": 0.06585667669423319,
 "eta": 8.636585995295549e-33,
 "h": 1.0281544347810414e-28,
 "radius": 8.63658599535597e-33,
 "drop_bound": 1.2091748778209051e-31,
 "secs": 0.14,
 "turning": {
  "min_nonflat": 1.806672673,
  "nflatv": 1
 },
 "develop_spread": 2.4924445086331347e-15
}