{
 "ok": true,
 "F": 29,
 "nrows": 105,
 "sig_low": 0.12294518561417249,
 "eta": 2.4844853389875437e-33,
 "h": 1.5843129570595385e-29,
 "radius": 2.484485339117821e-33,
 "drop_bound": 3.4788072717284685e-32,
 "secs": 0.02,
 "turning": {
  "min_nonflat": 1.359347638,
  "nflatv": 6
 },
 "develop_spread": 1.9484335006297032e-15
}