{
 "ok": true,
 "F": 26,
 "nrows": 106,
 "sig_low": 0.12043554500479448,
 "eta": 2.2738890234804588e-33,
 "h": 1.480234920959348e-29,
 "radius": 2.2738890234665758e-33,
 "drop_bound": 3.183973017563901e-32,
 "secs": 0.02,
 "turning": {
  "min_nonflat": 2.461918835,
  "nflatv": 5
 },
 "develop_spread": 4.641741426862217e-15
}