{
 "ok": true,
 "F": 60,
 "nrows": 156,
 "sig_low": 0.04105187506528203,
 "eta": 1.5394415925896033e-32,
 "h": 2.9399928911187657e-28,
 "radius": 1.539441592588639e-32,
 "drop_bound": 2.155271009320447e-31,
 "secs": 0.18,
 "turning": {
  "min_nonflat": 1.455181383,
  "nflatv": 2
 },
 "develop_spread": 2.277987190955421e-15
}