{
 "ok": true,
 "F": 28,
 "nrows": 116,
 "sig_low": 0.09718767689789691,
 "eta": 3.0345855728456976e-33,
 "h": 2.4479596231222497e-29,
 "radius": 3.034585572907892e-33,
 "drop_bound": 4.248948186781743e-32,
 "secs": 0.02,
 "turning": {
  "min_nonflat": 2.461918835,
  "nflatv": 4
 },
 "develop_spread": 3.582082587194985e-15
}