{
 "ok": true,
 "F": 40,
 "nrows": 136,
 "sig_low": 0.08036184297576464,
 "eta": 5.2427428264365154e-33,
 "h": 5.114753748449755e-29,
 "radius": 5.242742826616574e-33,
 "drop_bound": 7.340367754226723e-32,
 "secs": 0.06,
 "turning": {
  "min_nonflat": 1.230959417,
  "nflatv": 2
 },
 "develop_spread": 2.9893669801409084e-15
}