{
 "ok": true,
 "F": 40,
 "nrows": 136,
 "sig_low": 0.08319314527886654,
 "eta": 5.064245428349276e-33,
 "h": 4.7724706194446776e-29,
 "radius": 5.064245428519939e-33,
 "drop_bound": 7.090471396891435e-32,
 "secs": 0.06,
 "turning": {
  "min_nonflat": 1.230959417,
  "nflatv": 2
 },
 "develop_spread": 3.58724037616909e-15
}