{
 "ok": true,
 "F": 60,
 "nrows": 156,
 "sig_low": 0.05295328657199146,
 "eta": 1.1934476144025531e-32,
 "h": 1.7669591261715962e-28,
 "radius": 1.1934476144100482e-32,
 "drop_bound": 1.670879381095702e-31,
 "secs": 0.18,
 "turning": {
  "min_nonflat": 1.806672673,
  "nflatv": 2
 },
 "develop_spread": 1.7798229048217483e-15
}