{
 "ok": true,
 "F": 28,
 "nrows": 108,
 "sig_low": 0.11333489807180541,
 "eta": 2.602214041646401e-33,
 "h": 1.8000949781224603e-29,
 "radius": 2.6022140419097668e-33,
 "drop_bound": 3.643627455637193e-32,
 "secs": 0.02,
 "turning": {
  "min_nonflat": 1.359347638,
  "nflatv": 6
 },
 "develop_spread": 2.4424906541753444e-15
}