{
 "ok": true,
 "F": 66,
 "nrows": 166,
 "sig_low": 0.0613542302903662,
 "eta": 1.1330374459101741e-32,
 "h": 1.447824140877629e-28,
 "radius": 1.1330374459260108e-32,
 "drop_bound": 1.586305203992767e-31,
 "secs": 0.23,
 "turning": {
  "min_nonflat": 1.119625169,
  "nflatv": 1
 },
 "develop_spread": 1.9492241005813414e-15
}