{
 "ok": true,
 "F": 26,
 "nrows": 106,
 "sig_low": 0.13092699791348825,
 "eta": 2.0916783107426383e-33,
 "h": 1.2525115688559498e-29,
 "radius": 2.091678311006863e-33,
 "drop_bound": 2.928878020120303e-32,
 "secs": 0.02,
 "turning": {
  "min_nonflat": 2.461918835,
  "nflatv": 7
 },
 "develop_spread": 3.9968028886505635e-15
}