{
 "ok": true,
 "F": 27,
 "nrows": 111,
 "sig_low": 0.09487311579707346,
 "eta": 2.9975399185757093e-33,
 "h": 2.477067688163614e-29,
 "radius": 2.9975399187475038e-33,
 "drop_bound": 4.1970836832100243e-32,
 "secs": 0.02,
 "turning": {
  "min_nonflat": 1.359347638,
  "nflatv": 6
 },
 "develop_spread": 2.4525628233156873e-15
}