{
 "ok": true,
 "F": 48,
 "nrows": 144,
 "sig_low": 0.07322585155551249,
 "eta": 6.904428141257294e-33,
 "h": 7.39229595526393e-29,
 "radius": 6.904428141429421e-33,
 "drop_bound": 9.666727782711883e-32,
 "secs": 0.1,
 "turning": {
  "min_nonflat": 2.134295754,
  "nflatv": 3
 },
 "develop_spread": 2.8435583831733384e-15
}