{
 "ok": true,
 "F": 24,
 "nrows": 96,
 "sig_low": 0.13930207096580213,
 "eta": 1.8147001290456368e-33,
 "h": 1.021323582131848e-29,
 "radius": 1.8147001289412223e-33,
 "drop_bound": 2.541108565228406e-32,
 "secs": 0.02,
 "turning": {
  "min_nonflat": 2.461918835,
  "nflatv": 9
 },
 "develop_spread": 2.8419324085527285e-15
}