{
 "ok": true,
 "F": 28,
 "nrows": 116,
 "sig_low": 0.11561916093586166,
 "eta": 2.5508156181203457e-33,
 "h": 1.7296782197855057e-29,
 "radius": 2.5508156183794792e-33,
 "drop_bound": 3.5716702504419656e-32,
 "secs": 0.03,
 "turning": {
  "min_nonflat": 2.461918835,
  "nflatv": 6
 },
 "develop_spread": 4.5356381352535936e-15
}