{
 "ok": true,
 "F": 48,
 "nrows": 144,
 "sig_low": 0.04738294464568783,
 "eta": 1.0670016736082136e-32,
 "h": 1.7654650177697835e-28,
 "radius": 1.0670016736209684e-32,
 "drop_bound": 1.4938551227657077e-31,
 "secs": 0.09,
 "turning": {
  "min_nonflat": 1.213985008,
  "nflatv": 4
 },
 "develop_spread": 3.6418022968069345e-15
}