{
 "ok": true,
 "F": 57,
 "nrows": 157,
 "sig_low": 0.028590896250979846,
 "eta": 2.0998782241368715e-32,
 "h": 5.758142428525257e-28,
 "radius": 2.0998782241406709e-32,
 "drop_bound": 2.9398823522680084e-31,
 "secs": 0.16,
 "turning": {
  "min_nonflat": 1.098197365,
  "nflatv": 3
 },
 "develop_spread": 2.5208725561797295e-15
}