{
 "ok": true,
 "F": 48,
 "nrows": 144,
 "sig_low": 0.07302247044707515,
 "eta": 6.923611731346524e-33,
 "h": 7.433481179344422e-29,
 "radius": 6.923611731429818e-33,
 "drop_bound": 9.693583633218088e-32,
 "secs": 0.09,
 "turning": {
  "min_nonflat": 1.230959417,
  "nflatv": 4
 },
 "develop_spread": 3.052608629176561e-15
}