{
 "ok": true,
 "F": 54,
 "nrows": 150,
 "sig_low": 0.07643450677466905,
 "eta": 7.441355877114807e-33,
 "h": 7.632708385045074e-29,
 "radius": 7.441355877170873e-33,
 "drop_bound": 1.0418426025002741e-31,
 "secs": 0.14,
 "turning": {
  "min_nonflat": 1.806672673,
  "nflatv": 4
 },
 "develop_spread": 3.809294760581175e-15
}