{
 "ok": true,
 "F": 72,
 "nrows": 180,
 "sig_low": 0.05105430363608515,
 "eta": 1.4853932502970085e-32,
 "h": 2.280999299361225e-28,
 "radius": 1.4853932502938703e-32,
 "drop_bound": 2.07960333010777e-31,
 "secs": 0.3,
 "turning": {
  "min_nonflat": 1.326640333,
  "nflatv": 1
 },
 "develop_spread": 2.2644195468014703e-15
}