{
 "ok": true,
 "F": 39,
 "nrows": 147,
 "sig_low": 0.07784763119264271,
 "eta": 5.276756278384688e-33,
 "h": 5.314197566289694e-29,
 "radius": 5.2767562785523346e-33,
 "drop_bound": 7.387987174683963e-32,
 "secs": 0.05,
 "turning": {
  "min_nonflat": 1.359347638,
  "nflatv": 2
 },
 "develop_spread": 3.748544367384395e-15
}