{
 "ok": true,
 "F": 28,
 "nrows": 116,
 "sig_low": 0.11004239924287866,
 "eta": 2.6801013265841074e-33,
 "h": 1.909445317894519e-29,
 "radius": 2.6801013266696944e-33,
 "drop_bound": 3.752670242048267e-32,
 "secs": 0.02,
 "turning": {
  "min_nonflat": 2.461918835,
  "nflatv": 7
 },
 "develop_spread": 4.641741426862217e-15
}