{
 "ok": true,
 "F": 39,
 "nrows": 147,
 "sig_low": 0.08534283970891363,
 "eta": 4.813265219856979e-33,
 "h": 4.421694831386936e-29,
 "radius": 4.813265220092339e-33,
 "drop_bound": 6.739099105092794e-32,
 "secs": 0.05,
 "turning": {
  "min_nonflat": 1.230959417,
  "nflatv": 2
 },
 "develop_spread": 4.424555649859924e-15
}