{
 "ok": true,
 "F": 75,
 "nrows": 187,
 "sig_low": 0.04612098690551525,
 "eta": 1.7127952237467474e-32,
 "h": 2.9115410261458896e-28,
 "radius": 1.7127952237565303e-32,
 "drop_bound": 2.3979662105049293e-31,
 "secs": 0.33,
 "turning": {
  "min_nonflat": 0.950838349,
  "nflatv": 1
 },
 "develop_spread": 1.9100999153570945e-15
}