{
 "ok": true,
 "F": 38,
 "nrows": 150,
 "sig_low": 0.0842923011098896,
 "eta": 4.748352389922873e-33,
 "h": 4.4164273897877557e-29,
 "radius": 4.748352390139496e-33,
 "drop_bound": 6.64822173090599e-32,
 "secs": 0.05,
 "turning": {
  "min_nonflat": 1.359347638,
  "nflatv": 2
 },
 "develop_spread": 3.730415446859024e-15
}