{
 "ok": true,
 "F": 28,
 "nrows": 116,
 "sig_low": 0.11621022361025356,
 "eta": 2.5378531517592084e-33,
 "h": 1.7121358252026155e-29,
 "radius": 2.5378531518024194e-33,
 "drop_bound": 3.553522797234082e-32,
 "secs": 0.02,
 "turning": {
  "min_nonflat": 2.461918835,
  "nflatv": 8
 },
 "develop_spread": 5.367098749996222e-15
}