{
 "ok": true,
 "F": 24,
 "nrows": 96,
 "sig_low": 0.13895215938482766,
 "eta": 1.8192676431623306e-33,
 "h": 1.0264725921164828e-29,
 "radius": 1.8192676430328073e-33,
 "drop_bound": 2.5475024972094495e-32,
 "secs": 0.02,
 "turning": {
  "min_nonflat": 3.821266472,
  "nflatv": 12
 },
 "develop_spread": 3.5375022836247756e-15
}