{
 "ok": true,
 "F": 62,
 "nrows": 174,
 "sig_low": 0.061792002035124895,
 "eta": 1.0568342092664734e-32,
 "h": 1.3408823031723938e-28,
 "radius": 1.0568342092759663e-32,
 "drop_bound": 1.4796206726827047e-31,
 "secs": 0.19,
 "turning": {
  "min_nonflat": 1.459455312,
  "nflatv": 2
 },
 "develop_spread": 3.011959563148489e-15
}