{
 "ok": true,
 "F": 48,
 "nrows": 144,
 "sig_low": 0.08612554279818362,
 "eta": 5.870303740120733e-33,
 "h": 5.34373193216231e-29,
 "radius": 5.8703037402266525e-33,
 "drop_bound": 8.218953033280833e-32,
 "secs": 0.1,
 "turning": {
  "min_nonflat": 2.134295754,
  "nflatv": 6
 },
 "develop_spread": 4.794569825980851e-15
}