{
 "ok": true,
 "F": 28,
 "nrows": 116,
 "sig_low": 0.11054214598853498,
 "eta": 2.6679654066607535e-33,
 "h": 1.8922057827961586e-29,
 "radius": 2.667965406779408e-33,
 "drop_bound": 3.735679954201866e-32,
 "secs": 0.02,
 "turning": {
  "min_nonflat": 2.461918835,
  "nflatv": 8
 },
 "develop_spread": 4.741575244451873e-15
}