{
 "ok": true,
 "F": 47,
 "nrows": 155,
 "sig_low": 0.07014721350646938,
 "eta": 7.057196958290838e-33,
 "h": 7.887472842794742e-29,
 "radius": 7.05719695836757e-33,
 "drop_bound": 9.880603538678117e-32,
 "secs": 0.09,
 "turning": {
  "min_nonflat": 1.230959417,
  "nflatv": 4
 },
 "develop_spread": 3.052608629176561e-15
}