{
 "ok": true,
 "F": 30,
 "nrows": 126,
 "sig_low": 0.10554379776797437,
 "eta": 2.9939011177761157e-33,
 "h": 2.2239283842112242e-29,
 "radius": 2.9939011180053624e-33,
 "drop_bound": 4.1919899499182023e-32,
 "secs": 0.03,
 "turning": {
  "min_nonflat": 2.461918835,
  "nflatv": 7
 },
 "develop_spread": 6.12235403661387e-15
}