{
 "ok": true,
 "F": 30,
 "nrows": 126,
 "sig_low": 0.09731862069789339,
 "eta": 3.246942230467159e-33,
 "h": 2.615740636715946e-29,
 "radius": 3.246942230419793e-33,
 "drop_bound": 4.546247507298404e-32,
 "secs": 0.03,
 "turning": {
  "min_nonflat": 2.461918835,
  "nflatv": 7
 },
 "develop_spread": 3.263375893225244e-15
}