{
 "ok": true,
 "F": 37,
 "nrows": 153,
 "sig_low": 0.08465042465689199,
 "eta": 4.603810871500786e-33,
 "h": 4.263874325363766e-29,
 "radius": 4.6038108715382216e-33,
 "drop_bound": 6.445863604864205e-32,
 "secs": 0.05,
 "turning": {
  "min_nonflat": 1.359347638,
  "nflatv": 2
 },
 "develop_spread": 3.4056894305085554e-15
}