{
 "ok": true,
 "F": 72,
 "nrows": 192,
 "sig_low": 0.05688195750420453,
 "eta": 1.333224072643553e-32,
 "h": 1.837573316416342e-28,
 "radius": 1.3332240726416094e-32,
 "drop_bound": 1.866566540169323e-31,
 "secs": 0.3,
 "turning": {
  "min_nonflat": 1.806672673,
  "nflatv": 1
 },
 "develop_spread": 2.8608446115907795e-15
}