{
 "ok": true,
 "F": 78,
 "nrows": 198,
 "sig_low": 0.04801170381020014,
 "eta": 1.7111596877609668e-32,
 "h": 2.794212845492862e-28,
 "radius": 1.7111596877696023e-32,
 "drop_bound": 2.3956762837990776e-31,
 "secs": 0.38,
 "turning": {
  "min_nonflat": 1.806672673,
  "nflatv": 2
 },
 "develop_spread": 2.152344225701454e-15
}