{
 "ok": true,
 "F": 28,
 "nrows": 116,
 "sig_low": 0.11548529183566919,
 "eta": 2.5537810326764615e-33,
 "h": 1.7336963848758708e-29,
 "radius": 2.553781032815696e-33,
 "drop_bound": 3.575821830652669e-32,
 "secs": 0.02,
 "turning": {
  "min_nonflat": 2.461918835,
  "nflatv": 10
 },
 "develop_spread": 3.688882027804963e-15
}