{
 "ok": true,
 "F": 28,
 "nrows": 116,
 "sig_low": 0.12561120522261143,
 "eta": 2.3478848598463582e-33,
 "h": 1.4654279662848028e-29,
 "radius": 2.3478848597544038e-33,
 "drop_bound": 3.2875671883668597e-32,
 "secs": 0.02,
 "turning": {
  "min_nonflat": 2.461918835,
  "nflatv": 10
 },
 "develop_spread": 4.641741426862217e-15
}