{
 "ok": true,
 "F": 36,
 "nrows": 156,
 "sig_low": 0.08807482516148328,
 "eta": 4.305186646003593e-33,
 "h": 3.832271394553823e-29,
 "radius": 4.3051866459303666e-33,
 "drop_bound": 6.027789689013208e-32,
 "secs": 0.04,
 "turning": {
  "min_nonflat": 1.359347638,
  "nflatv": 2
 },
 "develop_spread": 3.4056894305085554e-15
}