{
 "ok": true,
 "F": 28,
 "nrows": 116,
 "sig_low": 0.12070791078265827,
 "eta": 2.4432868629453624e-33,
 "h": 1.5869191075622223e-29,
 "radius": 2.4432868632469888e-33,
 "drop_bound": 3.421129993256479e-32,
 "secs": 0.02,
 "turning": {
  "min_nonflat": 2.461918835,
  "nflatv": 10
 },
 "develop_spread": 2.945754565036118e-15
}