{
 "ok": true,
 "F": 78,
 "nrows": 198,
 "sig_low": 0.0319470486193828,
 "eta": 2.5716020663491856e-32,
 "h": 6.310867848977257e-28,
 "radius": 2.571602066354895e-32,
 "drop_bound": 3.6002956725932045e-31,
 "secs": 0.37,
 "turning": {
  "min_nonflat": 1.57315045,
  "nflatv": 2
 },
 "develop_spread": 3.898448201162683e-15
}