{
 "ok": true,
 "F": 51,
 "nrows": 159,
 "sig_low": 0.0623558131291979,
 "eta": 8.614667552780721e-33,
 "h": 1.0831226508724005e-28,
 "radius": 8.6146675529083e-33,
 "drop_bound": 1.206106237103514e-31,
 "secs": 0.11,
 "turning": {
  "min_nonflat": 1.213985008,
  "nflatv": 6
 },
 "develop_spread": 2.5989654674417885e-15
}