{
 "ok": true,
 "F": 66,
 "nrows": 186,
 "sig_low": 0.06250005608460392,
 "eta": 1.1122688894851121e-32,
 "h": 1.395228842956412e-28,
 "radius": 1.1122688894908044e-32,
 "drop_bound": 1.5572292837581958e-31,
 "secs": 0.23,
 "turning": {
  "min_nonflat": 1.806672673,
  "nflatv": 3
 },
 "develop_spread": 4.498472448640983e-15
}