{
 "ok": true,
 "F": 51,
 "nrows": 159,
 "sig_low": 0.06650738634087551,
 "eta": 8.076948273436243e-33,
 "h": 9.521239361171767e-29,
 "radius": 8.07694827358499e-33,
 "drop_bound": 1.1308255379982505e-31,
 "secs": 0.11,
 "turning": {
  "min_nonflat": 1.230959417,
  "nflatv": 6
 },
 "develop_spread": 3.66205343881779e-15
}