{
 "ok": true,
 "F": 66,
 "nrows": 186,
 "sig_low": 0.06343801910003574,
 "eta": 1.095825233506335e-32,
 "h": 1.3542777584435683e-28,
 "radius": 1.0958252335026247e-32,
 "drop_bound": 1.534208165374744e-31,
 "secs": 0.23,
 "turning": {
  "min_nonflat": 1.806672673,
  "nflatv": 3
 },
 "develop_spread": 5.498687059919313e-15
}