{
 "ok": true,
 "F": 30,
 "nrows": 126,
 "sig_low": 0.09727388574411598,
 "eta": 3.24843543780654e-33,
 "h": 2.6181470635806077e-29,
 "radius": 3.248435438016876e-33,
 "drop_bound": 4.5483379979343205e-32,
 "secs": 0.03,
 "turning": {
  "min_nonflat": 2.461918835,
  "nflatv": 9
 },
 "develop_spread": 4.741575244451873e-15
}