{
 "ok": true,
 "F": 32,
 "nrows": 136,
 "sig_low": 0.1013764245423719,
 "eta": 3.324774203431583e-33,
 "h": 2.571231908461006e-29,
 "radius": 3.3247742033793216e-33,
 "drop_bound": 4.655212269441745e-32,
 "secs": 0.03,
 "turning": {
  "min_nonflat": 2.461918835,
  "nflatv": 8
 },
 "develop_spread": 8.179563895713332e-15
}