{
 "ok": true,
 "F": 30,
 "nrows": 126,
 "sig_low": 0.10055718076911717,
 "eta": 3.142357843371426e-33,
 "h": 2.4499578551826445e-29,
 "radius": 3.1423578433032166e-33,
 "drop_bound": 4.399829365335198e-32,
 "secs": 0.03,
 "turning": {
  "min_nonflat": 2.461918835,
  "nflatv": 10
 },
 "develop_spread": 3.9968028886505635e-15
}