{
 "ok": true,
 "F": 72,
 "nrows": 192,
 "sig_low": 0.060520423549359825,
 "eta": 1.2530700937470812e-32,
 "h": 1.623265165513045e-28,
 "radius": 1.2530700937446133e-32,
 "drop_bound": 1.7543509109388105e-31,
 "secs": 0.3,
 "turning": {
  "min_nonflat": 1.806672673,
  "nflatv": 4
 },
 "develop_spread": 3.797547027170516e-15
}