{
 "ok": true,
 "F": 60,
 "nrows": 192,
 "sig_low": 0.044402690882243835,
 "eta": 1.4232647560082575e-32,
 "h": 2.51299988027682e-28,
 "radius": 1.423264756020522e-32,
 "drop_bound": 1.9926234381250827e-31,
 "secs": 0.19,
 "turning": {
  "min_nonflat": 1.120186761,
  "nflatv": 1
 },
 "develop_spread": 2.3347702487811585e-15
}