{
 "ok": true,
 "F": 46,
 "nrows": 166,
 "sig_low": 0.07500807450343762,
 "eta": 6.459447864421854e-33,
 "h": 6.751549295502367e-29,
 "radius": 6.45944786454292e-33,
 "drop_bound": 9.043754807323609e-32,
 "secs": 0.08,
 "turning": {
  "min_nonflat": 1.230959417,
  "nflatv": 4
 },
 "develop_spread": 3.1577990563142793e-15
}