{
 "ok": true,
 "F": 39,
 "nrows": 147,
 "sig_low": 0.09435671517393485,
 "eta": 4.353493382373497e-33,
 "h": 3.617271760138243e-29,
 "radius": 4.353493382599465e-33,
 "drop_bound": 6.095419120349946e-32,
 "secs": 0.05,
 "turning": {
  "min_nonflat": 1.359347638,
  "nflatv": 7
 },
 "develop_spread": 3.4967619351230766e-15
}