{
 "ok": true,
 "F": 46,
 "nrows": 166,
 "sig_low": 0.07059141072085842,
 "eta": 6.863608033324143e-33,
 "h": 7.622837740705648e-29,
 "radius": 6.863608033425813e-33,
 "drop_bound": 9.609579043759657e-32,
 "secs": 0.09,
 "turning": {
  "min_nonflat": 1.230959417,
  "nflatv": 4
 },
 "develop_spread": 2.432376777795247e-15
}