{
 "ok": true,
 "F": 32,
 "nrows": 136,
 "sig_low": 0.08857030338041012,
 "eta": 3.805513355576318e-33,
 "h": 3.368535905265653e-29,
 "radius": 3.8055133555698026e-33,
 "drop_bound": 5.328247082508419e-32,
 "secs": 0.03,
 "turning": {
  "min_nonflat": 2.461918835,
  "nflatv": 8
 },
 "develop_spread": 4.788138475230813e-15
}