{
 "ok": true,
 "F": 57,
 "nrows": 189,
 "sig_low": 0.04588328892356519,
 "eta": 1.308459257421942e-32,
 "h": 2.235742210040104e-28,
 "radius": 1.3084592574262477e-32,
 "drop_bound": 1.8318957988678162e-31,
 "secs": 0.15,
 "turning": {
  "min_nonflat": 0.160291082,
  "nflatv": 2
 },
 "develop_spread": 3.011959563148489e-15
}