{
 "ok": true,
 "F": 66,
 "nrows": 194,
 "sig_low": 0.05540003603767296,
 "eta": 1.254819348012907e-32,
 "h": 1.7757720738180262e-28,
 "radius": 1.254819348011035e-32,
 "drop_bound": 1.756799866911801e-31,
 "secs": 0.23,
 "turning": {
  "min_nonflat": 0.501231761,
  "nflatv": 3
 },
 "develop_spread": 3.953391794989626e-15
}