{
 "ok": true,
 "F": 72,
 "nrows": 208,
 "sig_low": 0.04727837252218067,
 "eta": 1.6040337086211049e-32,
 "h": 2.6599105689794214e-28,
 "radius": 1.6040337086205066e-32,
 "drop_bound": 2.2456999717650614e-31,
 "secs": 0.3,
 "turning": {
  "min_nonflat": 0.733642307,
  "nflatv": 1
 },
 "develop_spread": 3.922089704712238e-15
}