{
 "ok": true,
 "F": 38,
 "nrows": 150,
 "sig_low": 0.09112942136505005,
 "eta": 4.3920898936751965e-33,
 "h": 3.778580424479647e-29,
 "radius": 4.392089893869702e-33,
 "drop_bound": 6.149454236128277e-32,
 "secs": 0.05,
 "turning": {
  "min_nonflat": 1.359347638,
  "nflatv": 7
 },
 "develop_spread": 3.730415446859024e-15
}