{
 "ok": true,
 "F": 61,
 "nrows": 193,
 "sig_low": 0.06053182929806863,
 "eta": 1.0614212163907101e-32,
 "h": 1.374738287773616e-28,
 "radius": 1.0614212163897021e-32,
 "drop_bound": 1.4860425414166523e-31,
 "secs": 0.18,
 "turning": {
  "min_nonflat": 0.160291082,
  "nflatv": 2
 },
 "develop_spread": 4.4242074104630714e-15
}