{
 "ok": true,
 "F": 59,
 "nrows": 191,
 "sig_low": 0.053350696818031916,
 "eta": 1.1648166333026142e-32,
 "h": 1.7117231732212223e-28,
 "radius": 1.1648166333083394e-32,
 "drop_bound": 1.630796066328027e-31,
 "secs": 0.17,
 "turning": {
  "min_nonflat": 0.378568054,
  "nflatv": 2
 },
 "develop_spread": 5.339468714465245e-15
}