{
 "ok": true,
 "F": 72,
 "nrows": 208,
 "sig_low": 0.04288658442838048,
 "eta": 1.7682978900646866e-32,
 "h": 3.2325855842539206e-28,
 "radius": 1.7682978900736423e-32,
 "drop_bound": 2.475669884574169e-31,
 "secs": 0.3,
 "turning": {
  "min_nonflat": 0.710912822,
  "nflatv": 1
 },
 "develop_spread": 3.820199830714189e-15
}