{
 "ok": true,
 "F": 30,
 "nrows": 126,
 "sig_low": 0.11761081269097999,
 "eta": 2.6867233082253755e-33,
 "h": 1.7909842007326264e-29,
 "radius": 2.6867233084753233e-33,
 "drop_bound": 3.7619410165761474e-32,
 "secs": 0.03,
 "turning": {
  "min_nonflat": 2.461918835,
  "nflatv": 11
 },
 "develop_spread": 5.367098749996222e-15
}