{
 "ok": true,
 "F": 66,
 "nrows": 186,
 "sig_low": 0.0696391818623824,
 "eta": 9.982454076137657e-33,
 "h": 1.1238276766602127e-28,
 "radius": 9.98245407626305e-33,
 "drop_bound": 1.397596350373179e-31,
 "secs": 0.24,
 "turning": {
  "min_nonflat": 1.806672673,
  "nflatv": 6
 },
 "develop_spread": 6.3399470274868514e-15
}