{
 "ok": true,
 "F": 54,
 "nrows": 174,
 "sig_low": 0.03957880966604133,
 "eta": 1.437062263454383e-32,
 "h": 2.8466162172504878e-28,
 "radius": 1.4370622634521214e-32,
 "drop_bound": 2.011939948529322e-31,
 "secs": 0.13,
 "turning": {
  "min_nonflat": 0.621297342,
  "nflatv": 6
 },
 "develop_spread": 4.002966042486721e-15
}