{
 "ok": true,
 "F": 30,
 "nrows": 126,
 "sig_low": 0.11884790659422742,
 "eta": 2.6587540532136287e-33,
 "h": 1.7538913704524012e-29,
 "radius": 2.6587540533929306e-33,
 "drop_bound": 3.722784059460798e-32,
 "secs": 0.03,
 "turning": {
  "min_nonflat": 2.461918835,
  "nflatv": 12
 },
 "develop_spread": 3.052608629176561e-15
}