{
 "ok": true,
 "F": 37,
 "nrows": 153,
 "sig_low": 0.09177418748687481,
 "eta": 4.246443084621156e-33,
 "h": 3.627611934803691e-29,
 "radius": 4.2464430848081394e-33,
 "drop_bound": 5.94554870344209e-32,
 "secs": 0.05,
 "turning": {
  "min_nonflat": 1.359347638,
  "nflatv": 7
 },
 "develop_spread": 3.8778423131653425e-15
}