{
 "ok": true,
 "F": 66,
 "nrows": 186,
 "sig_low": 0.06970177402446348,
 "eta": 9.973474743931416e-33,
 "h": 1.1218084917749576e-28,
 "radius": 9.973474744109322e-33,
 "drop_bound": 1.3963392438716569e-31,
 "secs": 0.23,
 "turning": {
  "min_nonflat": 1.806672673,
  "nflatv": 6
 },
 "develop_spread": 4.851001323521623e-15
}