{
 "ok": true,
 "F": 50,
 "nrows": 170,
 "sig_low": 0.06682094827852009,
 "eta": 7.881361505088674e-33,
 "h": 9.247081310840639e-29,
 "radius": 7.881361505180779e-33,
 "drop_bound": 1.1034433904216611e-31,
 "secs": 0.1,
 "turning": {
  "min_nonflat": 1.230959417,
  "nflatv": 6
 },
 "develop_spread": 3.66205343881779e-15
}