{
 "ok": true,
 "F": 54,
 "nrows": 174,
 "sig_low": 0.06616461339394736,
 "eta": 8.596353834276548e-33,
 "h": 1.0186020986694584e-28,
 "radius": 8.596353834378762e-33,
 "drop_bound": 1.2035423165093787e-31,
 "secs": 0.13,
 "turning": {
  "min_nonflat": 1.230959417,
  "nflatv": 6
 },
 "develop_spread": 4.782987168225453e-15
}