{
 "ok": true,
 "F": 32,
 "nrows": 136,
 "sig_low": 0.09680690958804979,
 "eta": 3.481718654836228e-33,
 "h": 2.8197030945491143e-29,
 "radius": 3.481718655099428e-33,
 "drop_bound": 4.874934501849893e-32,
 "secs": 0.03,
 "turning": {
  "min_nonflat": 2.461918835,
  "nflatv": 10
 },
 "develop_spread": 4.741575244451873e-15
}