{
 "ok": true,
 "F": 34,
 "nrows": 146,
 "sig_low": 0.09326819012972515,
 "eta": 3.8396614197543754e-33,
 "h": 3.227568315521575e-29,
 "radius": 3.8396614197379156e-33,
 "drop_bound": 5.376054372343776e-32,
 "secs": 0.04,
 "turning": {
  "min_nonflat": 2.461918835,
  "nflatv": 9
 },
 "develop_spread": 9.283482853724433e-15
}