{
 "ok": true,
 "F": 78,
 "nrows": 222,
 "sig_low": 0.04676353639515218,
 "eta": 1.756821049455477e-32,
 "h": 2.945345474162811e-28,
 "radius": 1.7568210494589912e-32,
 "drop_bound": 2.4596022489389394e-31,
 "secs": 0.38,
 "turning": {
  "min_nonflat": 1.174363456,
  "nflatv": 1
 },
 "develop_spread": 3.2506033358264633e-15
}