{
 "ok": true,
 "F": 84,
 "nrows": 220,
 "sig_low": 0.03586130649202381,
 "eta": 2.4671487221317703e-32,
 "h": 5.39368134449178e-28,
 "radius": 2.467148722130463e-32,
 "drop_bound": 3.454060990679e-31,
 "secs": 0.46,
 "turning": {
  "min_nonflat": 0.750858039,
  "nflatv": 3
 },
 "develop_spread": 4.07657507034135e-15
}