{
 "ok": true,
 "F": 39,
 "nrows": 147,
 "sig_low": 0.09260905599036824,
 "eta": 4.435646853326975e-33,
 "h": 3.7550832322165436e-29,
 "radius": 4.435646853522156e-33,
 "drop_bound": 6.210433979641714e-32,
 "secs": 0.05,
 "turning": {
  "min_nonflat": 1.359347638,
  "nflatv": 10
 },
 "develop_spread": 5.131104433915887e-15
}