{
 "ok": true,
 "F": 30,
 "nrows": 126,
 "sig_low": 0.11480581816612671,
 "eta": 2.7523426640932002e-33,
 "h": 1.879553391211087e-29,
 "radius": 2.752342664026131e-33,
 "drop_bound": 3.853808114347278e-32,
 "secs": 0.03,
 "turning": {
  "min_nonflat": 2.461918835,
  "nflatv": 13
 },
 "develop_spread": 3.9968028886505635e-15
}