{
 "ok": true,
 "F": 90,
 "nrows": 234,
 "sig_low": 0.04677619949078322,
 "eta": 2.0265657813878367e-32,
 "h": 3.39665810797888e-28,
 "radius": 2.0265657813979184e-32,
 "drop_bound": 2.8372449324281554e-31,
 "secs": 0.56,
 "turning": {
  "min_nonflat": 1.806672673,
  "nflatv": 1
 },
 "develop_spread": 4.295573257574037e-15
}