{
 "ok": true,
 "F": 36,
 "nrows": 156,
 "sig_low": 0.08580487220948296,
 "eta": 4.419075177996424e-33,
 "h": 4.037713535766215e-29,
 "radius": 4.419075177998872e-33,
 "drop_bound": 6.187233633909116e-32,
 "secs": 0.04,
 "turning": {
  "min_nonflat": 1.359347638,
  "nflatv": 7
 },
 "develop_spread": 3.8778423131653425e-15
}