{
 "ok": true,
 "F": 90,
 "nrows": 234,
 "sig_low": 0.03862959081196452,
 "eta": 2.453966603856634e-32,
 "h": 4.980404340259591e-28,
 "radius": 2.4539666038611977e-32,
 "drop_bound": 3.4356060251020286e-31,
 "secs": 0.57,
 "turning": {
  "min_nonflat": 0.958426856,
  "nflatv": 1
 },
 "develop_spread": 3.0282846668030173e-15
}