{
 "ok": true,
 "F": 32,
 "nrows": 136,
 "sig_low": 0.09784929765288902,
 "eta": 3.4446435815980344e-33,
 "h": 2.7599590725249557e-29,
 "radius": 3.444643581584427e-33,
 "drop_bound": 4.823029398928893e-32,
 "secs": 0.04,
 "turning": {
  "min_nonflat": 2.461918835,
  "nflatv": 11
 },
 "develop_spread": 4.5356381352535936e-15
}