{
 "ok": true,
 "F": 84,
 "nrows": 220,
 "sig_low": 0.0249375825047508,
 "eta": 3.5478815887593746e-32,
 "h": 1.1154004864174164e-27,
 "radius": 3.547881588760454e-32,
 "drop_bound": 4.967087062735705e-31,
 "secs": 0.46,
 "turning": {
  "min_nonflat": 0.164715633,
  "nflatv": 3
 },
 "develop_spread": 3.4345211781823302e-15
}