{
 "ok": true,
 "F": 30,
 "nrows": 126,
 "sig_low": 0.11803469847689846,
 "eta": 2.6770682125990707e-33,
 "h": 1.7781393994821354e-29,
 "radius": 2.677068212726683e-33,
 "drop_bound": 3.748423882528051e-32,
 "secs": 0.03,
 "turning": {
  "min_nonflat": 2.461918835,
  "nflatv": 13
 },
 "develop_spread": 4.595035926552277e-15
}