{
 "ok": true,
 "F": 46,
 "nrows": 182,
 "sig_low": 0.06361994648752871,
 "eta": 7.615734562832881e-33,
 "h": 9.385006160656565e-29,
 "radius": 7.615734562795191e-33,
 "drop_bound": 1.0662556184876787e-31,
 "secs": 0.08,
 "turning": {
  "min_nonflat": 1.037762225,
  "nflatv": 4
 },
 "develop_spread": 5.65669253787293e-15
}