{
 "ok": true,
 "F": 32,
 "nrows": 136,
 "sig_low": 0.10368220965953397,
 "eta": 3.250846781135548e-33,
 "h": 2.4581496524615307e-29,
 "radius": 3.250846781191932e-33,
 "drop_bound": 4.5517138783794e-32,
 "secs": 0.03,
 "turning": {
  "min_nonflat": 2.461918835,
  "nflatv": 12
 },
 "develop_spread": 6.35063097490511e-15
}