{
 "ok": true,
 "F": 96,
 "nrows": 240,
 "sig_low": 0.04454802229409808,
 "eta": 2.2697837621970403e-32,
 "h": 3.9945891600180803e-28,
 "radius": 2.2697837622009212e-32,
 "drop_bound": 3.177749988002924e-31,
 "secs": 0.69,
 "turning": {
  "min_nonflat": 1.806672673,
  "nflatv": 2
 },
 "develop_spread": 3.3380623550567164e-15
}