{
 "ok": true,
 "F": 54,
 "nrows": 174,
 "sig_low": 0.062129504418057105,
 "eta": 9.154627995145477e-33,
 "h": 1.1552045063646266e-28,
 "radius": 9.154627995297098e-33,
 "drop_bound": 1.2817006990379456e-31,
 "secs": 0.13,
 "turning": {
  "min_nonflat": 1.213985008,
  "nflatv": 8
 },
 "develop_spread": 3.1477123390767314e-15
}