{
 "ok": true,
 "F": 32,
 "nrows": 136,
 "sig_low": 0.09980100707527621,
 "eta": 3.37725188187549e-33,
 "h": 2.653044846925515e-29,
 "radius": 3.377251882028071e-33,
 "drop_bound": 4.728681019549994e-32,
 "secs": 0.03,
 "turning": {
  "min_nonflat": 2.461918835,
  "nflatv": 12
 },
 "develop_spread": 6.12235403661387e-15
}