{
 "ok": true,
 "F": 102,
 "nrows": 250,
 "sig_low": 0.02633087817490371,
 "eta": 4.080132349160661e-32,
 "h": 1.2148564664245788e-27,
 "radius": 4.08013234915905e-32,
 "drop_bound": 5.712238068519022e-31,
 "secs": 0.81,
 "turning": {
  "min_nonflat": 0.435978169,
  "nflatv": 1
 },
 "develop_spread": 2.7381125045385978e-15
}