{
 "ok": true,
 "F": 54,
 "nrows": 174,
 "sig_low": 0.0744712181960154,
 "eta": 7.637507761585064e-33,
 "h": 8.040429887050067e-29,
 "radius": 7.637507761788141e-33,
 "drop_bound": 1.0693038075719741e-31,
 "secs": 0.14,
 "turning": {
  "min_nonflat": 1.230959417,
  "nflatv": 8
 },
 "develop_spread": 4.5288390936029406e-15
}