{
 "ok": true,
 "F": 96,
 "nrows": 240,
 "sig_low": 0.026712885166232492,
 "eta": 3.7852118947933615e-32,
 "h": 1.110926845621797e-27,
 "radius": 3.785211894791388e-32,
 "drop_bound": 5.2993494324042945e-31,
 "secs": 0.69,
 "turning": {
  "min_nonflat": 1.536175122,
  "nflatv": 2
 },
 "develop_spread": 2.4120218025558894e-15
}