{
 "ok": true,
 "F": 96,
 "nrows": 240,
 "sig_low": 0.002037837388955507,
 "eta": 4.961821718748777e-31,
 "h": 1.9089198424673596e-25,
 "radius": 4.961821718748792e-31,
 "drop_bound": 6.946555684217943e-30,
 "secs": 0.68,
 "turning": {
  "min_nonflat": 0.059455281,
  "nflatv": 2
 },
 "develop_spread": 3.531835650735641e-15
}