{
 "ok": true,
 "F": 36,
 "nrows": 156,
 "sig_low": 0.0727606875108999,
 "eta": 5.211413106208698e-33,
 "h": 5.615323349790442e-29,
 "radius": 5.211413106227505e-33,
 "drop_bound": 7.296506733429202e-32,
 "secs": 0.04,
 "turning": {
  "min_nonflat": 2.461918835,
  "nflatv": 8
 },
 "develop_spread": 3.233018248352212e-15
}