{
 "ok": true,
 "F": 58,
 "nrows": 202,
 "sig_low": 0.053049469907034776,
 "eta": 1.1515714462421697e-32,
 "h": 1.7018681156211486e-28,
 "radius": 1.1515714462404958e-32,
 "drop_bound": 1.6122528044330458e-31,
 "secs": 0.16,
 "turning": {
  "min_nonflat": 0.378568054,
  "nflatv": 2
 },
 "develop_spread": 5.339468714465245e-15
}