{
 "ok": true,
 "F": 81,
 "nrows": 229,
 "sig_low": 0.01691546177413315,
 "eta": 5.04360232839367e-32,
 "h": 2.337615300285394e-27,
 "radius": 5.043602328395481e-32,
 "drop_bound": 7.061096039450025e-31,
 "secs": 0.41,
 "turning": {
  "min_nonflat": 1.033235182,
  "nflatv": 1
 },
 "develop_spread": 4.38502959679432e-15
}