{
 "ok": true,
 "F": 38,
 "nrows": 150,
 "sig_low": 0.08988794174012012,
 "eta": 4.452750471808938e-33,
 "h": 3.8836759439782256e-29,
 "radius": 4.452750471907253e-33,
 "drop_bound": 6.234379045380849e-32,
 "secs": 0.05,
 "turning": {
  "min_nonflat": 1.359347638,
  "nflatv": 10
 },
 "develop_spread": 3.730415446859024e-15
}