{
 "ok": true,
 "F": 49,
 "nrows": 181,
 "sig_low": 0.0662986623552703,
 "eta": 7.784526213895913e-33,
 "h": 9.205417326506955e-29,
 "radius": 7.78452621399829e-33,
 "drop_bound": 1.0898864496561125e-31,
 "secs": 0.1,
 "turning": {
  "min_nonflat": 1.230959417,
  "nflatv": 6
 },
 "develop_spread": 3.794299872214038e-15
}