{
 "ok": true,
 "F": 32,
 "nrows": 136,
 "sig_low": 0.09952868410367686,
 "eta": 3.3865141439154656e-33,
 "h": 2.667599911261804e-29,
 "radius": 3.386514143907064e-33,
 "drop_bound": 4.741648186180584e-32,
 "secs": 0.03,
 "turning": {
  "min_nonflat": 2.461918835,
  "nflatv": 13
 },
 "develop_spread": 5.443490401604861e-15
}