{
 "ok": true,
 "F": 53,
 "nrows": 185,
 "sig_low": 0.06279842115311693,
 "eta": 8.889364074509924e-33,
 "h": 1.1097829063923637e-28,
 "radius": 8.88936407461369e-33,
 "drop_bound": 1.2445637501422684e-31,
 "secs": 0.14,
 "turning": {
  "min_nonflat": 1.230959417,
  "nflatv": 6
 },
 "develop_spread": 3.9968028886505635e-15
}