{
 "ok": true,
 "F": 39,
 "nrows": 147,
 "sig_low": 0.09686971160368539,
 "eta": 4.2405507027004304e-33,
 "h": 3.4320239999461856e-29,
 "radius": 4.240550702950411e-33,
 "drop_bound": 5.93729936884127e-32,
 "secs": 0.05,
 "turning": {
  "min_nonflat": 1.359347638,
  "nflatv": 12
 },
 "develop_spread": 2.9976021664879227e-15
}