{
 "ok": true,
 "F": 30,
 "nrows": 126,
 "sig_low": 0.12332118190132,
 "eta": 2.5623172548237476e-33,
 "h": 1.628963246062042e-29,
 "radius": 2.5623172548366593e-33,
 "drop_bound": 3.5877725414820174e-32,
 "secs": 0.03,
 "turning": {
  "min_nonflat": 2.461918835,
  "nflatv": 15
 },
 "develop_spread": 4.496060575246782e-15
}