{
 "ok": true,
 "F": 84,
 "nrows": 228,
 "sig_low": 0.05266586314663797,
 "eta": 1.6799429601097077e-32,
 "h": 2.500814003672299e-28,
 "radius": 1.6799429601123957e-32,
 "drop_bound": 2.3519729826284238e-31,
 "secs": 0.45,
 "turning": {
  "min_nonflat": 1.806672673,
  "nflatv": 3
 },
 "develop_spread": 5.963832982316466e-15
}