{
 "ok": true,
 "F": 37,
 "nrows": 153,
 "sig_low": 0.08789651342172354,
 "eta": 4.433780216181546e-33,
 "h": 3.954745818879343e-29,
 "radius": 4.433780216119119e-33,
 "drop_bound": 6.207820687277461e-32,
 "secs": 0.05,
 "turning": {
  "min_nonflat": 1.359347638,
  "nflatv": 10
 },
 "develop_spread": 3.8778423131653425e-15
}