{
 "ok": true,
 "F": 36,
 "nrows": 156,
 "sig_low": 0.08974575662724237,
 "eta": 4.225093785819519e-33,
 "h": 3.690952812221319e-29,
 "radius": 4.225093786034263e-33,
 "drop_bound": 5.915659685158662e-32,
 "secs": 0.04,
 "turning": {
  "min_nonflat": 2.461918835,
  "nflatv": 10
 },
 "develop_spread": 9.315955427434986e-15
}