{
 "ok": true,
 "F": 90,
 "nrows": 234,
 "sig_low": 0.04880421211746211,
 "eta": 1.942352479107743e-32,
 "h": 3.120231384855432e-28,
 "radius": 1.9423524791084675e-32,
 "drop_bound": 2.719346250448206e-31,
 "secs": 0.56,
 "turning": {
  "min_nonflat": 1.806672673,
  "nflatv": 4
 },
 "develop_spread": 5.2510145522368515e-15
}