{
 "ok": true,
 "F": 32,
 "nrows": 136,
 "sig_low": 0.10826999969322598,
 "eta": 3.113080524931593e-33,
 "h": 2.254230293213043e-29,
 "radius": 3.1130805250963004e-33,
 "drop_bound": 4.3588411198455154e-32,
 "secs": 0.03,
 "turning": {
  "min_nonflat": 2.461918835,
  "nflatv": 14
 },
 "develop_spread": 7.121239116308986e-15
}