{
 "ok": true,
 "F": 38,
 "nrows": 150,
 "sig_low": 0.10152429602195469,
 "eta": 3.9423979764384376e-33,
 "h": 3.044433829769516e-29,
 "radius": 3.9423979767118715e-33,
 "drop_bound": 5.519885552107315e-32,
 "secs": 0.05,
 "turning": {
  "min_nonflat": 1.359347638,
  "nflatv": 12
 },
 "develop_spread": 4.7207330545682824e-15
}