{
 "ok": true,
 "F": 72,
 "nrows": 208,
 "sig_low": 0.03136678677758357,
 "eta": 2.4177243155471711e-32,
 "h": 6.0430029917619994e-28,
 "radius": 2.4177243155505978e-32,
 "drop_bound": 3.384866880241906e-31,
 "secs": 0.31,
 "turning": {
  "min_nonflat": 0.710912822,
  "nflatv": 6
 },
 "develop_spread": 3.794299872214038e-15
}