{
 "ok": true,
 "F": 74,
 "nrows": 226,
 "sig_low": 0.03701465859518095,
 "eta": 2.1057269197015858e-32,
 "h": 4.460097614573102e-28,
 "radius": 2.1057269197080143e-32,
 "drop_bound": 2.948070467287572e-31,
 "secs": 0.32,
 "turning": {
  "min_nonflat": 0.058783793,
  "nflatv": 2
 },
 "develop_spread": 5.9910909847502765e-15
}