{
 "ok": true,
 "F": 66,
 "nrows": 210,
 "sig_low": 0.05554723993013885,
 "eta": 1.251485407443527e-32,
 "h": 1.7663605980598224e-28,
 "radius": 1.2514854074566844e-32,
 "drop_bound": 1.7521324089104275e-31,
 "secs": 0.24,
 "turning": {
  "min_nonflat": 0.369025148,
  "nflatv": 4
 },
 "develop_spread": 4.47545209131181e-15
}