{
 "ok": true,
 "F": 66,
 "nrows": 210,
 "sig_low": 0.06204756952268519,
 "eta": 1.1203833777320504e-32,
 "h": 1.415656688729416e-28,
 "radius": 1.1203833777359952e-32,
 "drop_bound": 1.568589508526745e-31,
 "secs": 0.23,
 "turning": {
  "min_nonflat": 0.501231761,
  "nflatv": 4
 },
 "develop_spread": 4.1221468573232205e-15
}