{
 "ok": true,
 "F": 108,
 "nrows": 264,
 "sig_low": 0.033576408050987,
 "eta": 3.3878934660115686e-32,
 "h": 7.9106391407909755e-28,
 "radius": 3.38789346601689e-32,
 "drop_bound": 4.743103632119998e-31,
 "secs": 0.96,
 "turning": {
  "min_nonflat": 0.600156138,
  "nflatv": 1
 },
 "develop_spread": 4.004505348847205e-15
}