{
 "ok": true,
 "F": 32,
 "nrows": 136,
 "sig_low": 0.10272854024270077,
 "eta": 3.281029539757984e-33,
 "h": 2.5040043916646934e-29,
 "radius": 3.2810295398500664e-33,
 "drop_bound": 4.5939697405007874e-32,
 "secs": 0.03,
 "turning": {
  "min_nonflat": 2.461918835,
  "nflatv": 14
 },
 "develop_spread": 5.658261202736647e-15
}