{
 "ok": true,
 "F": 36,
 "nrows": 156,
 "sig_low": 0.08144433444074756,
 "eta": 4.655672237511455e-33,
 "h": 4.481646340746348e-29,
 "radius": 4.655672237719873e-33,
 "drop_bound": 6.518469517518517e-32,
 "secs": 0.04,
 "turning": {
  "min_nonflat": 1.359347638,
  "nflatv": 10
 },
 "develop_spread": 3.8778423131653425e-15
}