{
 "ok": true,
 "F": 70,
 "nrows": 214,
 "sig_low": 0.05949517597024132,
 "eta": 1.2392615263518764e-32,
 "h": 1.6330417060130095e-28,
 "radius": 1.2392615263681243e-32,
 "drop_bound": 1.7350189166117261e-31,
 "secs": 0.27,
 "turning": {
  "min_nonflat": 0.501231761,
  "nflatv": 4
 },
 "develop_spread": 3.85232991570949e-15
}