{
 "ok": true,
 "F": 32,
 "nrows": 136,
 "sig_low": 0.11016812570570932,
 "eta": 3.059421433573547e-33,
 "h": 2.1772054199496626e-29,
 "radius": 3.0594214336827024e-33,
 "drop_bound": 4.283718391866478e-32,
 "secs": 0.03,
 "turning": {
  "min_nonflat": 2.461918835,
  "nflatv": 14
 },
 "develop_spread": 6.12235403661387e-15
}