{
 "ok": true,
 "F": 32,
 "nrows": 136,
 "sig_low": 0.10798733022983595,
 "eta": 3.121247875076378e-33,
 "h": 2.266060591415362e-29,
 "radius": 3.1212478753472515e-33,
 "drop_bound": 4.370275410196847e-32,
 "secs": 0.03,
 "turning": {
  "min_nonflat": 2.461918835,
  "nflatv": 14
 },
 "develop_spread": 4.012577019208141e-15
}