{
 "ok": true,
 "F": 30,
 "nrows": 126,
 "sig_low": 0.11307035618966112,
 "eta": 2.794617986095843e-33,
 "h": 1.9377143355098752e-29,
 "radius": 2.7946179860791704e-33,
 "drop_bound": 3.912993565221533e-32,
 "secs": 0.03,
 "turning": {
  "min_nonflat": 2.461918835,
  "nflatv": 16
 },
 "develop_spread": 5.301242283512285e-15
}