{
 "ok": true,
 "F": 53,
 "nrows": 185,
 "sig_low": 0.06629120686179588,
 "eta": 8.42103177759902e-33,
 "h": 9.959222687560491e-29,
 "radius": 8.421031777559774e-33,
 "drop_bound": 1.1789972285547204e-31,
 "secs": 0.13,
 "turning": {
  "min_nonflat": 1.230959417,
  "nflatv": 8
 },
 "develop_spread": 4.6840360722841785e-15
}