{
 "ok": true,
 "F": 67,
 "nrows": 223,
 "sig_low": 0.047046324530185424,
 "eta": 1.5000174243451674e-32,
 "h": 2.4996929567411124e-28,
 "radius": 1.5000174243531652e-32,
 "drop_bound": 2.100077232565501e-31,
 "secs": 0.25,
 "turning": {
  "min_nonflat": 0.176006085,
  "nflatv": 2
 },
 "develop_spread": 5.140704263513307e-15
}