{
 "ok": true,
 "F": 37,
 "nrows": 153,
 "sig_low": 0.09402572190668791,
 "eta": 4.144775366735357e-33,
 "h": 3.455973346043927e-29,
 "radius": 4.144775366708913e-33,
 "drop_bound": 5.803213898103174e-32,
 "secs": 0.05,
 "turning": {
  "min_nonflat": 1.359347638,
  "nflatv": 12
 },
 "develop_spread": 3.447059237218225e-15
}