{
 "ok": true,
 "F": 34,
 "nrows": 146,
 "sig_low": 0.0940635973739388,
 "eta": 3.8072117012179115e-33,
 "h": 3.173229662787514e-29,
 "radius": 3.8072117014398066e-33,
 "drop_bound": 5.330624766726423e-32,
 "secs": 0.04,
 "turning": {
  "min_nonflat": 2.461918835,
  "nflatv": 13
 },
 "develop_spread": 4.741575244451873e-15
}