{
 "ok": true,
 "F": 111,
 "nrows": 271,
 "sig_low": 0.034124149939611874,
 "eta": 3.4261401172211714e-32,
 "h": 7.871533376376758e-28,
 "radius": 3.42614011722034e-32,
 "drop_bound": 4.796648943804828e-31,
 "secs": 1.03,
 "turning": {
  "min_nonflat": 1.065023234,
  "nflatv": 1
 },
 "develop_spread": 4.965068306494546e-15
}