{
 "ok": true,
 "F": 67,
 "nrows": 223,
 "sig_low": 0.014754483827765784,
 "eta": 4.7829200704784734e-32,
 "h": 2.5414710396025713e-27,
 "radius": 4.782920070478578e-32,
 "drop_bound": 6.696140937141079e-31,
 "secs": 0.25,
 "turning": {
  "min_nonflat": 0.059617198,
  "nflatv": 2
 },
 "develop_spread": 2.9541113323650215e-15
}