{
 "ok": true,
 "F": 36,
 "nrows": 156,
 "sig_low": 0.08028614800087897,
 "eta": 4.7229389206823425e-33,
 "h": 4.611983768077177e-29,
 "radius": 4.722938920675571e-33,
 "drop_bound": 6.612642873656493e-32,
 "secs": 0.04,
 "turning": {
  "min_nonflat": 2.461918835,
  "nflatv": 12
 },
 "develop_spread": 8.179563895713332e-15
}