{
 "ok": true,
 "F": 84,
 "nrows": 244,
 "sig_low": 0.0418484302716113,
 "eta": 2.114171409543539e-32,
 "h": 3.960746853165814e-28,
 "radius": 2.1141714095436616e-32,
 "drop_bound": 2.959892753057478e-31,
 "secs": 0.46,
 "turning": {
  "min_nonflat": 0.294349612,
  "nflatv": 2
 },
 "develop_spread": 4.118313910115614e-15
}