{
 "ok": true,
 "F": 48,
 "nrows": 192,
 "sig_low": 0.06907516367213953,
 "eta": 7.319146711478864e-33,
 "h": 8.3071985888234e-29,
 "radius": 7.319146711512248e-33,
 "drop_bound": 1.0247333780827842e-31,
 "secs": 0.09,
 "turning": {
  "min_nonflat": 0.367523732,
  "nflatv": 6
 },
 "develop_spread": 2.9873046363423827e-15
}