{
 "ok": true,
 "F": 82,
 "nrows": 242,
 "sig_low": 0.04286401292984877,
 "eta": 2.014953474803889e-32,
 "h": 3.685430775768998e-28,
 "radius": 2.014953474800764e-32,
 "drop_bound": 2.820987703192139e-31,
 "secs": 0.43,
 "turning": {
  "min_nonflat": 0.04305495,
  "nflatv": 2
 },
 "develop_spread": 2.9205407954182373e-15
}