{
 "ok": true,
 "F": 32,
 "nrows": 136,
 "sig_low": 0.11577446982183008,
 "eta": 2.911293084546352e-33,
 "h": 1.9714655414072708e-29,
 "radius": 2.911293084836522e-33,
 "drop_bound": 4.076338703481825e-32,
 "secs": 0.03,
 "turning": {
  "min_nonflat": 2.461918835,
  "nflatv": 16
 },
 "develop_spread": 4.131700617056214e-15
}