{
 "ok": true,
 "F": 30,
 "nrows": 126,
 "sig_low": 0.1195585940130027,
 "eta": 2.6429569761790235e-33,
 "h": 1.733106922534572e-29,
 "radius": 2.642956976505602e-33,
 "drop_bound": 3.700668151818537e-32,
 "secs": 0.03,
 "turning": {
  "min_nonflat": 2.461918835,
  "nflatv": 18
 },
 "develop_spread": 4.513845153265833e-15
}