{
 "ok": true,
 "F": 78,
 "nrows": 222,
 "sig_low": 0.0517383900036375,
 "eta": 1.5879174293434075e-32,
 "h": 2.406196374718475e-28,
 "radius": 1.5879174293515837e-32,
 "drop_bound": 2.223137180788569e-31,
 "secs": 0.37,
 "turning": {
  "min_nonflat": 1.459455312,
  "nflatv": 6
 },
 "develop_spread": 4.095805194048e-15
}