{
 "ok": true,
 "F": 52,
 "nrows": 196,
 "sig_low": 0.06273829333613877,
 "eta": 8.730027824965576e-33,
 "h": 1.0909352886127213e-28,
 "radius": 8.730027825042854e-33,
 "drop_bound": 1.2222566752023516e-31,
 "secs": 0.12,
 "turning": {
  "min_nonflat": 1.230959417,
  "nflatv": 6
 },
 "develop_spread": 3.4702240210488587e-15
}