{
 "ok": true,
 "F": 52,
 "nrows": 196,
 "sig_low": 0.06762105366980084,
 "eta": 8.099637997982934e-33,
 "h": 9.390738306780546e-29,
 "radius": 8.099637998068075e-33,
 "drop_bound": 1.1340020994258823e-31,
 "secs": 0.12,
 "turning": {
  "min_nonflat": 1.230959417,
  "nflatv": 6
 },
 "develop_spread": 2.854914276234364e-15
}