{
 "ok": true,
 "F": 39,
 "nrows": 147,
 "sig_low": 0.10030410677540413,
 "eta": 4.095352105214032e-33,
 "h": 3.2010215271416185e-29,
 "radius": 4.095352105136479e-33,
 "drop_bound": 5.734020744154589e-32,
 "secs": 0.05,
 "turning": {
  "min_nonflat": 1.359347638,
  "nflatv": 15
 },
 "develop_spread": 5.0292000132872715e-15
}