{
 "ok": true,
 "F": 48,
 "nrows": 192,
 "sig_low": 0.06881774230635931,
 "eta": 7.346526446275653e-33,
 "h": 8.369464822370191e-29,
 "radius": 7.346526446230095e-33,
 "drop_bound": 1.0285664821685653e-31,
 "secs": 0.09,
 "turning": {
  "min_nonflat": 1.230959417,
  "nflatv": 6
 },
 "develop_spread": 6.75233135699979e-15
}