{
 "ok": true,
 "F": 78,
 "nrows": 222,
 "sig_low": 0.046119379751722346,
 "eta": 1.7813758921543116e-32,
 "h": 3.0282252427664616e-28,
 "radius": 1.7813758921572418e-32,
 "drop_bound": 2.4939790287164905e-31,
 "secs": 0.38,
 "turning": {
  "min_nonflat": 1.321540141,
  "nflatv": 6
 },
 "develop_spread": 3.4156097510698847e-15
}