{
 "ok": true,
 "F": 36,
 "nrows": 156,
 "sig_low": 0.07515846870320628,
 "eta": 5.045077481697358e-33,
 "h": 5.26266808504308e-29,
 "radius": 5.045077481703719e-33,
 "drop_bound": 7.063636859095901e-32,
 "secs": 0.04,
 "turning": {
  "min_nonflat": 1.359347638,
  "nflatv": 12
 },
 "develop_spread": 3.447059237218225e-15
}