{
 "ok": true,
 "F": 48,
 "nrows": 192,
 "sig_low": 0.06309791321319967,
 "eta": 8.012560486836644e-33,
 "h": 9.955713432953609e-29,
 "radius": 8.012560486950088e-33,
 "drop_bound": 1.1218113066440818e-31,
 "secs": 0.09,
 "turning": {
  "min_nonflat": 1.359347638,
  "nflatv": 6
 },
 "develop_spread": 6.466036496704424e-15
}