{
 "ok": true,
 "F": 32,
 "nrows": 136,
 "sig_low": 0.1083986288912545,
 "eta": 3.109406292914333e-33,
 "h": 2.2488979414033111e-29,
 "radius": 3.109406293059208e-33,
 "drop_bound": 4.353697194993586e-32,
 "secs": 0.03,
 "turning": {
  "min_nonflat": 2.461918835,
  "nflatv": 16
 },
 "develop_spread": 6.06572053902698e-15
}