{
 "ok": true,
 "F": 84,
 "nrows": 228,
 "sig_low": 0.05687851193299834,
 "eta": 1.5555197013061907e-32,
 "h": 2.1440916866120384e-28,
 "radius": 1.5555197013150356e-32,
 "drop_bound": 2.177780361537402e-31,
 "secs": 0.46,
 "turning": {
  "min_nonflat": 1.806672673,
  "nflatv": 6
 },
 "develop_spread": 5.902547983198874e-15
}