{
 "ok": true,
 "F": 34,
 "nrows": 146,
 "sig_low": 0.09178246014984863,
 "eta": 3.901819920938188e-33,
 "h": 3.3329100277125056e-29,
 "radius": 3.901819921060176e-33,
 "drop_bound": 5.463076274194941e-32,
 "secs": 0.04,
 "turning": {
  "min_nonflat": 2.461918835,
  "nflatv": 15
 },
 "develop_spread": 7.121239116308986e-15
}