{
 "ok": true,
 "F": 57,
 "nrows": 189,
 "sig_low": 0.05584418774168922,
 "eta": 1.0750806826035914e-32,
 "h": 1.5093124087683616e-28,
 "radius": 1.0750806826060173e-32,
 "drop_bound": 1.5051657353447762e-31,
 "secs": 0.15,
 "turning": {
  "min_nonflat": 0.621297342,
  "nflatv": 10
 },
 "develop_spread": 3.1477123390767314e-15
}