{
 "ok": true,
 "F": 47,
 "nrows": 195,
 "sig_low": 0.06996374176912822,
 "eta": 7.075700586144608e-33,
 "h": 7.928891621953192e-29,
 "radius": 7.075700586202747e-33,
 "drop_bound": 9.90650920539454e-32,
 "secs": 0.09,
 "turning": {
  "min_nonflat": 1.359347638,
  "nflatv": 6
 },
 "develop_spread": 4.418631847554177e-15
}