{
 "ok": true,
 "F": 69,
 "nrows": 233,
 "sig_low": 0.03662019286754666,
 "eta": 1.9846069832514574e-32,
 "h": 4.248835828082248e-28,
 "radius": 1.984606983253773e-32,
 "drop_bound": 2.7785026150263516e-31,
 "secs": 0.26,
 "turning": {
  "min_nonflat": 0.058652855,
  "nflatv": 2
 },
 "develop_spread": 5.316333992505697e-15
}