{
 "ok": true,
 "F": 108,
 "nrows": 276,
 "sig_low": 0.0416442735537402,
 "eta": 2.731556493346493e-32,
 "h": 5.1424604346143335e-28,
 "radius": 2.7315564933498594e-32,
 "drop_bound": 3.8242319291608723e-31,
 "secs": 0.94,
 "turning": {
  "min_nonflat": 1.806672673,
  "nflatv": 1
 },
 "develop_spread": 5.126297777653475e-15
}