{
 "ok": true,
 "F": 38,
 "nrows": 150,
 "sig_low": 0.0994569047780045,
 "eta": 4.024347486903665e-33,
 "h": 3.1723171325056563e-29,
 "radius": 4.02434748700481e-33,
 "drop_bound": 5.634614866517429e-32,
 "secs": 0.05,
 "turning": {
  "min_nonflat": 1.359347638,
  "nflatv": 15
 },
 "develop_spread": 4.6629367034256575e-15
}