{
 "ok": true,
 "F": 36,
 "nrows": 156,
 "sig_low": 0.08225939620071052,
 "eta": 4.609629641805925e-33,
 "h": 4.3933578485768526e-29,
 "radius": 4.609629641977321e-33,
 "drop_bound": 6.454009883478943e-32,
 "secs": 0.04,
 "turning": {
  "min_nonflat": 2.461918835,
  "nflatv": 13
 },
 "develop_spread": 4.741575244451873e-15
}