{
 "ok": true,
 "F": 38,
 "nrows": 166,
 "sig_low": 0.0831890330807703,
 "eta": 4.811316936414906e-33,
 "h": 4.53433864832506e-29,
 "radius": 4.8113169364986624e-33,
 "drop_bound": 6.736372095808821e-32,
 "secs": 0.05,
 "turning": {
  "min_nonflat": 2.461918835,
  "nflatv": 11
 },
 "develop_spread": 9.900301382973689e-15
}