{
 "ok": true,
 "F": 72,
 "nrows": 208,
 "sig_low": 0.025192105654228112,
 "eta": 3.0103240000783637e-32,
 "h": 9.368387257717503e-28,
 "radius": 3.010324000080184e-32,
 "drop_bound": 4.21450637980861e-31,
 "secs": 0.3,
 "turning": {
  "min_nonflat": 0.710912822,
  "nflatv": 9
 },
 "develop_spread": 4.723343357811471e-15
}