{
 "ok": true,
 "F": 57,
 "nrows": 189,
 "sig_low": 0.07207547023872855,
 "eta": 8.329762169013945e-33,
 "h": 9.060688079975732e-29,
 "radius": 8.329762169050484e-33,
 "drop_bound": 1.1662194833634198e-31,
 "secs": 0.15,
 "turning": {
  "min_nonflat": 1.230959417,
  "nflatv": 10
 },
 "develop_spread": 4.782987168225453e-15
}