{
 "ok": true,
 "F": 73,
 "nrows": 237,
 "sig_low": 0.03489454148169811,
 "eta": 2.2034658110126107e-32,
 "h": 4.950680314111463e-28,
 "radius": 2.2034658110194858e-32,
 "drop_bound": 3.084904915123632e-31,
 "secs": 0.31,
 "turning": {
  "min_nonflat": 0.058783793,
  "nflatv": 2
 },
 "develop_spread": 5.9580819677934555e-15
}