{
 "ok": true,
 "F": 34,
 "nrows": 146,
 "sig_low": 0.10462699450753582,
 "eta": 3.422809664891385e-33,
 "h": 2.5648091966185326e-29,
 "radius": 3.422809665181816e-33,
 "drop_bound": 4.7924619159652373e-32,
 "secs": 0.04,
 "turning": {
  "min_nonflat": 2.461918835,
  "nflatv": 15
 },
 "develop_spread": 7.327471962526033e-15
}