{
 "ok": true,
 "F": 87,
 "nrows": 251,
 "sig_low": 0.031324415201389295,
 "eta": 2.9253519651984065e-32,
 "h": 7.321687973966807e-28,
 "radius": 2.9253519652007597e-32,
 "drop_bound": 4.095545530977416e-31,
 "secs": 0.51,
 "turning": {
  "min_nonflat": 0.027503291,
  "nflatv": 2
 },
 "develop_spread": 4.997237039695301e-15
}