{
 "ok": true,
 "F": 60,
 "nrows": 204,
 "sig_low": 0.033882777710651464,
 "eta": 1.8651582913319573e-32,
 "h": 4.315714941943994e-28,
 "radius": 1.8651582913309884e-32,
 "drop_bound": 2.6112743875597357e-31,
 "secs": 0.18,
 "turning": {
  "min_nonflat": 0.621297342,
  "nflatv": 8
 },
 "develop_spread": 5.315174613145601e-15
}