{
 "ok": true,
 "F": 52,
 "nrows": 196,
 "sig_low": 0.0628096099536612,
 "eta": 8.72012103928783e-33,
 "h": 1.0884600142948592e-28,
 "radius": 8.720121039451382e-33,
 "drop_bound": 1.2208697252195453e-31,
 "secs": 0.12,
 "turning": {
  "min_nonflat": 1.230959417,
  "nflatv": 8
 },
 "develop_spread": 5.492028226897362e-15
}