{
 "ok": true,
 "F": 34,
 "nrows": 146,
 "sig_low": 0.09813636966842815,
 "eta": 3.6491945342485866e-33,
 "h": 2.915298909585918e-29,
 "radius": 3.64919453448428e-33,
 "drop_bound": 5.109400732988687e-32,
 "secs": 0.04,
 "turning": {
  "min_nonflat": 2.461918835,
  "nflatv": 16
 },
 "develop_spread": 4.741575244451873e-15
}