{
 "ok": true,
 "F": 46,
 "nrows": 198,
 "sig_low": 0.06977297475186728,
 "eta": 6.944059088340263e-33,
 "h": 7.802651878638826e-29,
 "radius": 6.944059088279255e-33,
 "drop_bound": 9.722211108301652e-32,
 "secs": 0.08,
 "turning": {
  "min_nonflat": 1.359347638,
  "nflatv": 6
 },
 "develop_spread": 4.808688520198715e-15
}