{
 "ok": true,
 "F": 60,
 "nrows": 204,
 "sig_low": 0.0600598059695446,
 "eta": 1.0522338472379981e-32,
 "h": 1.373549785780045e-28,
 "radius": 1.0522338472402905e-32,
 "drop_bound": 1.4731801658327586e-31,
 "secs": 0.17,
 "turning": {
  "min_nonflat": 1.230959417,
  "nflatv": 8
 },
 "develop_spread": 6.217248937900877e-15
}