{
 "ok": true,
 "F": 90,
 "nrows": 258,
 "sig_low": 0.032759812311417356,
 "eta": 2.893608993255264e-32,
 "h": 6.924915897401172e-28,
 "radius": 2.893608993260046e-32,
 "drop_bound": 4.051105370260417e-31,
 "secs": 0.56,
 "turning": {
  "min_nonflat": 1.234473425,
  "nflatv": 2
 },
 "develop_spread": 3.360144595992222e-15
}