{
 "ok": true,
 "F": 99,
 "nrows": 271,
 "sig_low": 0.032888119365133764,
 "eta": 3.170561660590162e-32,
 "h": 7.558110314261129e-28,
 "radius": 3.17056166059468e-32,
 "drop_bound": 4.438839163303621e-31,
 "secs": 0.75,
 "turning": {
  "min_nonflat": 0.065898116,
  "nflatv": 1
 },
 "develop_spread": 3.052608629176561e-15
}