{
 "ok": true,
 "F": 37,
 "nrows": 153,
 "sig_low": 0.08959258031207529,
 "eta": 4.349863096628394e-33,
 "h": 3.806445417553201e-29,
 "radius": 4.349863096828671e-33,
 "drop_bound": 6.090336720270834e-32,
 "secs": 0.05,
 "turning": {
  "min_nonflat": 1.359347638,
  "nflatv": 15
 },
 "develop_spread": 4.242156220644677e-15
}