{
 "ok": true,
 "F": 99,
 "nrows": 271,
 "sig_low": 0.03408909492539401,
 "eta": 3.058872166488186e-32,
 "h": 7.034964652993114e-28,
 "radius": 3.0588721664937635e-32,
 "drop_bound": 4.282473871562338e-31,
 "secs": 0.74,
 "turning": {
  "min_nonflat": 0.029563481,
  "nflatv": 1
 },
 "develop_spread": 4.033640560360252e-15
}