{
 "ok": true,
 "F": 96,
 "nrows": 256,
 "sig_low": 0.026406888907605806,
 "eta": 3.829076764993998e-32,
 "h": 1.1368231200043596e-27,
 "radius": 3.829076764998655e-32,
 "drop_bound": 5.360760250694469e-31,
 "secs": 0.67,
 "turning": {
  "min_nonflat": 0.609239014,
  "nflatv": 4
 },
 "develop_spread": 4.265337574760008e-15
}