{
 "ok": true,
 "F": 114,
 "nrows": 282,
 "sig_low": 0.010245316465142243,
 "eta": 1.171980473730857e-31,
 "h": 8.968319275750503e-27,
 "radius": 1.1719804737308346e-31,
 "drop_bound": 1.640777941192804e-30,
 "secs": 1.11,
 "turning": {
  "min_nonflat": 0.468813737,
  "nflatv": 2
 },
 "develop_spread": 4.788138475230813e-15
}