{
 "ok": true,
 "F": 114,
 "nrows": 282,
 "sig_low": 0.03875535035526356,
 "eta": 3.0982305225958176e-32,
 "h": 6.267554563302313e-28,
 "radius": 3.0982305226006986e-32,
 "drop_bound": 4.337575452562612e-31,
 "secs": 1.11,
 "turning": {
  "min_nonflat": 1.806672673,
  "nflatv": 2
 },
 "develop_spread": 3.616328897427208e-15
}