{
 "ok": true,
 "F": 34,
 "nrows": 146,
 "sig_low": 0.1065074624807212,
 "eta": 3.362389429579195e-33,
 "h": 2.4750503405029003e-29,
 "radius": 3.362389429520102e-33,
 "drop_bound": 4.7078735860388375e-32,
 "secs": 0.04,
 "turning": {
  "min_nonflat": 2.461918835,
  "nflatv": 17
 },
 "develop_spread": 6.35063097490511e-15
}