{
 "ok": true,
 "F": 79,
 "nrows": 251,
 "sig_low": 0.03676893953651141,
 "eta": 2.2630255799001642e-32,
 "h": 4.825301129177096e-28,
 "radius": 2.2630255799102817e-32,
 "drop_bound": 3.1682886503454635e-31,
 "secs": 0.4,
 "turning": {
  "min_nonflat": 0.498727606,
  "nflatv": 2
 },
 "develop_spread": 3.052608629176561e-15
}