{
 "ok": true,
 "F": 65,
 "nrows": 229,
 "sig_low": 0.04048250277879438,
 "eta": 1.6911640371198307e-32,
 "h": 3.2751744929082507e-28,
 "radius": 1.6911640371260462e-32,
 "drop_bound": 2.367682490447534e-31,
 "secs": 0.22,
 "turning": {
  "min_nonflat": 0.160291082,
  "nflatv": 4
 },
 "develop_spread": 4.308466452925209e-15
}