{
 "ok": true,
 "F": 39,
 "nrows": 147,
 "sig_low": 0.0997497219005197,
 "eta": 4.118120552783116e-33,
 "h": 3.2367072828552336e-29,
 "radius": 4.11812055300664e-33,
 "drop_bound": 5.765896571172815e-32,
 "secs": 0.05,
 "turning": {
  "min_nonflat": 1.359347638,
  "nflatv": 18
 },
 "develop_spread": 5.792609244812926e-15
}