{
 "ok": true,
 "F": 30,
 "nrows": 126,
 "sig_low": 0.11545089837094336,
 "eta": 2.7369919744588886e-33,
 "h": 1.8586271204935233e-29,
 "radius": 2.736991974523869e-33,
 "drop_bound": 3.832317149044111e-32,
 "secs": 0.03,
 "turning": {
  "min_nonflat": 2.461918835,
  "nflatv": 21
 },
 "develop_spread": 4.513845153265833e-15
}