{
 "ok": true,
 "F": 99,
 "nrows": 267,
 "sig_low": 0.019097292419580043,
 "eta": 5.460151408868606e-32,
 "h": 2.2415526821823273e-27,
 "radius": 5.460151408868746e-32,
 "drop_bound": 7.644264810887314e-31,
 "secs": 0.75,
 "turning": {
  "min_nonflat": 0.195807294,
  "nflatv": 3
 },
 "develop_spread": 2.432376777795247e-15
}