{
 "ok": true,
 "F": 74,
 "nrows": 234,
 "sig_low": 0.0521254545414449,
 "eta": 1.495301087880141e-32,
 "h": 2.2490279714796983e-28,
 "radius": 1.4953010878869625e-32,
 "drop_bound": 2.0934743027380995e-31,
 "secs": 0.32,
 "turning": {
  "min_nonflat": 0.501231761,
  "nflatv": 5
 },
 "develop_spread": 5.857939004215904e-15
}