{
 "ok": true,
 "F": 102,
 "nrows": 270,
 "sig_low": 0.0433261284955624,
 "eta": 2.4796647467324445e-32,
 "h": 4.487031795691953e-28,
 "radius": 2.4796647467363966e-32,
 "drop_bound": 3.4715834839020247e-31,
 "secs": 0.79,
 "turning": {
  "min_nonflat": 1.806672673,
  "nflatv": 3
 },
 "develop_spread": 7.804007116436461e-15
}