{
 "ok": true,
 "F": 45,
 "nrows": 201,
 "sig_low": 0.07284771385901827,
 "eta": 6.506340483324647e-33,
 "h": 7.00223887437072e-29,
 "radius": 6.50634048327911e-33,
 "drop_bound": 9.109405061301449e-32,
 "secs": 0.08,
 "turning": {
  "min_nonflat": 1.359347638,
  "nflatv": 6
 },
 "develop_spread": 4.808688520198715e-15
}