{
 "ok": true,
 "F": 66,
 "nrows": 210,
 "sig_low": 0.057018672108071905,
 "eta": 1.2191884764375235e-32,
 "h": 1.6763697402761917e-28,
 "radius": 1.2191884764464543e-32,
 "drop_bound": 1.7069167054961055e-31,
 "secs": 0.23,
 "turning": {
  "min_nonflat": 0.369025148,
  "nflatv": 9
 },
 "develop_spread": 5.365950338995594e-15
}