{
 "ok": true,
 "F": 91,
 "nrows": 263,
 "sig_low": 0.018619507571000546,
 "eta": 5.14770903682478e-32,
 "h": 2.1675137591481202e-27,
 "radius": 5.147709036827409e-32,
 "drop_bound": 7.206845431254725e-31,
 "secs": 0.58,
 "turning": {
  "min_nonflat": 0.020465365,
  "nflatv": 2
 },
 "develop_spread": 4.468561475845092e-15
}