{
 "ok": true,
 "F": 67,
 "nrows": 231,
 "sig_low": 0.04837584668586618,
 "eta": 1.4587828927518064e-32,
 "h": 2.364166968165052e-28,
 "radius": 1.458782892763588e-32,
 "drop_bound": 2.0423488295653747e-31,
 "secs": 0.24,
 "turning": {
  "min_nonflat": 0.378568054,
  "nflatv": 4
 },
 "develop_spread": 7.510230004687097e-15
}