{
 "ok": true,
 "F": 102,
 "nrows": 270,
 "sig_low": 0.044770257124955866,
 "eta": 2.3996788951083506e-32,
 "h": 4.202227940112152e-28,
 "radius": 2.399678895120664e-32,
 "drop_bound": 3.3596032916399987e-31,
 "secs": 0.8,
 "turning": {
  "min_nonflat": 1.806672673,
  "nflatv": 3
 },
 "develop_spread": 1.0075694478721552e-14
}