{
 "ok": true,
 "F": 36,
 "nrows": 156,
 "sig_low": 0.07165006389234375,
 "eta": 5.2921132544451165e-33,
 "h": 5.79066725986314e-29,
 "radius": 5.29211325461213e-33,
 "drop_bound": 7.409486941167677e-32,
 "secs": 0.04,
 "turning": {
  "min_nonflat": 1.359347638,
  "nflatv": 15
 },
 "develop_spread": 4.154074181055225e-15
}