{
 "ok": true,
 "F": 36,
 "nrows": 156,
 "sig_low": 0.08733419229397368,
 "eta": 4.3417934239573006e-33,
 "h": 3.8976327083034205e-29,
 "radius": 4.341793424055655e-33,
 "drop_bound": 6.079039178388611e-32,
 "secs": 0.04,
 "turning": {
  "min_nonflat": 2.461918835,
  "nflatv": 15
 },
 "develop_spread": 5.857939004215904e-15
}