{
 "ok": true,
 "F": 69,
 "nrows": 233,
 "sig_low": 0.05247249295675677,
 "eta": 1.385023665205356e-32,
 "h": 2.0693862485547783e-28,
 "radius": 1.3850236652016948e-32,
 "drop_bound": 1.9390859109787246e-31,
 "secs": 0.26,
 "turning": {
  "min_nonflat": 0.160291082,
  "nflatv": 4
 },
 "develop_spread": 3.6771686055379495e-15
}