{
 "ok": true,
 "F": 111,
 "nrows": 283,
 "sig_low": 0.010474625627000179,
 "eta": 1.1161618133281496e-31,
 "h": 8.354197016775676e-27,
 "radius": 1.1161618133284363e-31,
 "drop_bound": 1.5626318166294459e-30,
 "secs": 1.04,
 "turning": {
  "min_nonflat": 0.395642104,
  "nflatv": 3
 },
 "develop_spread": 3.745666090146335e-15
}