{
 "ok": true,
 "F": 36,
 "nrows": 156,
 "sig_low": 0.08227282936038428,
 "eta": 4.6088531057009655e-33,
 "h": 4.3919005374688614e-29,
 "radius": 4.60885310578964e-33,
 "drop_bound": 6.452922732816191e-32,
 "secs": 0.04,
 "turning": {
  "min_nonflat": 2.461918835,
  "nflatv": 16
 },
 "develop_spread": 4.701109581559699e-15
}