{
 "ok": true,
 "F": 108,
 "nrows": 276,
 "sig_low": 0.04282209007890448,
 "eta": 2.656424146718781e-32,
 "h": 4.863463056544026e-28,
 "radius": 2.6564241467294657e-32,
 "drop_bound": 3.719046585117604e-31,
 "secs": 0.95,
 "turning": {
  "min_nonflat": 1.806672673,
  "nflatv": 4
 },
 "develop_spread": 6.504049972323149e-15
}