{
 "ok": true,
 "F": 36,
 "nrows": 156,
 "sig_low": 0.08955222267061623,
 "eta": 4.234239325713072e-33,
 "h": 3.7069360562597023e-29,
 "radius": 4.2342393258855405e-33,
 "drop_bound": 5.928463440950451e-32,
 "secs": 0.04,
 "turning": {
  "min_nonflat": 2.461918835,
  "nflatv": 16
 },
 "develop_spread": 5.8410815908364745e-15
}