{
 "ok": true,
 "F": 36,
 "nrows": 156,
 "sig_low": 0.0844952400233886,
 "eta": 4.487656555026986e-33,
 "h": 4.1639301079768186e-29,
 "radius": 4.487656555230604e-33,
 "drop_bound": 6.28324756203354e-32,
 "secs": 0.04,
 "turning": {
  "min_nonflat": 2.461918835,
  "nflatv": 16
 },
 "develop_spread": 5.367098749996222e-15
}