{
 "ok": true,
 "F": 64,
 "nrows": 232,
 "sig_low": 0.047694715210090846,
 "eta": 1.413358759478922e-32,
 "h": 2.3232621529461153e-28,
 "radius": 1.4133587594747398e-32,
 "drop_bound": 1.978755101735705e-31,
 "secs": 0.21,
 "turning": {
  "min_nonflat": 0.747986305,
  "nflatv": 4
 },
 "develop_spread": 3.580361673049448e-15
}