{
 "ok": true,
 "F": 36,
 "nrows": 156,
 "sig_low": 0.08167669340754065,
 "eta": 4.642498268742399e-33,
 "h": 4.456251215426909e-29,
 "radius": 4.6424982688043105e-33,
 "drop_bound": 6.500025961036729e-32,
 "secs": 0.05,
 "turning": {
  "min_nonflat": 2.461918835,
  "nflatv": 16
 },
 "develop_spread": 7.28550816809042e-15
}