{
 "ok": true,
 "F": 40,
 "nrows": 176,
 "sig_low": 0.08022633880363415,
 "eta": 5.251576052842913e-33,
 "h": 5.132024827290683e-29,
 "radius": 5.2515760530609527e-33,
 "drop_bound": 7.352734858996028e-32,
 "secs": 0.06,
 "turning": {
  "min_nonflat": 2.461918835,
  "nflatv": 12
 },
 "develop_spread": 1.3680542743754176e-14
}