{
 "ok": true,
 "F": 111,
 "nrows": 283,
 "sig_low": 0.0182072335301844,
 "eta": 6.421233011946397e-32,
 "h": 2.7649706766379843e-27,
 "radius": 6.42123301195075e-32,
 "drop_bound": 8.98977905520212e-31,
 "secs": 1.03,
 "turning": {
  "min_nonflat": 0.186770731,
  "nflatv": 3
 },
 "develop_spread": 4.236341062022511e-15
}