{
 "ok": true,
 "F": 111,
 "nrows": 283,
 "sig_low": 0.0076405244241705235,
 "eta": 1.530167533839484e-31,
 "h": 1.5701164997720596e-26,
 "radius": 1.5301675338396111e-31,
 "drop_bound": 2.1422398253450906e-30,
 "secs": 1.04,
 "turning": {
  "min_nonflat": 0.032737588,
  "nflatv": 3
 },
 "develop_spread": 3.800791407964896e-15
}