{
 "ok": true,
 "F": 36,
 "nrows": 156,
 "sig_low": 0.08975285508367974,
 "eta": 4.224753461097637e-33,
 "h": 3.6903636217616266e-29,
 "radius": 4.224753461057356e-33,
 "drop_bound": 5.915183230190994e-32,
 "secs": 0.04,
 "turning": {
  "min_nonflat": 2.461918835,
  "nflatv": 16
 },
 "develop_spread": 9.272854936269104e-15
}