{
 "ok": true,
 "F": 86,
 "nrows": 262,
 "sig_low": 0.028889460015825208,
 "eta": 3.135454201043502e-32,
 "h": 8.508972103568369e-28,
 "radius": 3.1354542010473116e-32,
 "drop_bound": 4.389688661162589e-31,
 "secs": 0.49,
 "turning": {
  "min_nonflat": 0.027503291,
  "nflatv": 2
 },
 "develop_spread": 5.756054031998179e-15
}