{
 "ok": true,
 "F": 56,
 "nrows": 200,
 "sig_low": 0.06133859913852104,
 "eta": 9.6160508844611e-33,
 "h": 1.229076633522752e-28,
 "radius": 9.616050884407277e-33,
 "drop_bound": 1.3462999035133707e-31,
 "secs": 0.14,
 "turning": {
  "min_nonflat": 1.230959417,
  "nflatv": 10
 },
 "develop_spread": 4.5288390936029406e-15
}