{
 "ok": true,
 "F": 111,
 "nrows": 283,
 "sig_low": 0.027194508744714647,
 "eta": 4.299161246082754e-32,
 "h": 1.2394202258145061e-27,
 "radius": 4.2991612460843424e-32,
 "drop_bound": 6.018878582989149e-31,
 "secs": 1.05,
 "turning": {
  "min_nonflat": 0.305816982,
  "nflatv": 3
 },
 "develop_spread": 2.9541113323650215e-15
}