{
 "ok": true,
 "F": 38,
 "nrows": 150,
 "sig_low": 0.0991634411406437,
 "eta": 4.0362546095357816e-33,
 "h": 3.1911192042921796e-29,
 "radius": 4.036254609671808e-33,
 "drop_bound": 5.65128425050405e-32,
 "secs": 0.05,
 "turning": {
  "min_nonflat": 1.359347638,
  "nflatv": 18
 },
 "develop_spread": 4.6629367034256575e-15
}