{
 "ok": true,
 "F": 87,
 "nrows": 247,
 "sig_low": 0.030806757669431657,
 "eta": 2.974502891888173e-32,
 "h": 7.569801055546621e-28,
 "radius": 2.9745028918858367e-32,
 "drop_bound": 4.164356887111241e-31,
 "secs": 0.51,
 "turning": {
  "min_nonflat": 0.192837791,
  "nflatv": 6
 },
 "develop_spread": 3.1471689687709295e-15
}