{
 "ok": true,
 "F": 36,
 "nrows": 156,
 "sig_low": 0.09270517722652459,
 "eta": 4.090229376024115e-33,
 "h": 3.459073081719325e-29,
 "radius": 4.090229376024265e-33,
 "drop_bound": 5.726849511144666e-32,
 "secs": 0.05,
 "turning": {
  "min_nonflat": 2.461918835,
  "nflatv": 16
 },
 "develop_spread": 1.2796012724280023e-14
}