{
 "ok": true,
 "F": 45,
 "nrows": 193,
 "sig_low": 0.06585756651737898,
 "eta": 7.197008688756477e-33,
 "h": 8.567663687506743e-29,
 "radius": 7.197008688837027e-33,
 "drop_bound": 1.0076339961335355e-31,
 "secs": 0.08,
 "turning": {
  "min_nonflat": 1.459455312,
  "nflatv": 10
 },
 "develop_spread": 4.550560269027492e-15
}