{
 "ok": true,
 "F": 34,
 "nrows": 146,
 "sig_low": 0.10168934313583264,
 "eta": 3.5217126329355244e-33,
 "h": 2.7151544292437657e-29,
 "radius": 3.521712633168274e-33,
 "drop_bound": 4.930926071146278e-32,
 "secs": 0.04,
 "turning": {
  "min_nonflat": 2.461918835,
  "nflatv": 19
 },
 "develop_spread": 4.564421076807371e-15
}