{
 "ok": true,
 "F": 37,
 "nrows": 153,
 "sig_low": 0.08796283674811202,
 "eta": 4.430452728196756e-33,
 "h": 3.948798228111725e-29,
 "radius": 4.430452728344913e-33,
 "drop_bound": 6.203161616646397e-32,
 "secs": 0.05,
 "turning": {
  "min_nonflat": 1.359347638,
  "nflatv": 18
 },
 "develop_spread": 4.242156220644677e-15
}