{
 "ok": true,
 "F": 81,
 "nrows": 261,
 "sig_low": 0.0399367273261293,
 "eta": 2.1362682729790687e-32,
 "h": 4.193719511212428e-28,
 "radius": 2.136268272982233e-32,
 "drop_bound": 2.990828420646196e-31,
 "secs": 0.42,
 "turning": {
  "min_nonflat": 0.369025148,
  "nflatv": 2
 },
 "develop_spread": 3.8778423131653425e-15
}