{
 "ok": true,
 "F": 78,
 "nrows": 238,
 "sig_low": 0.04998859846954839,
 "eta": 1.6435005875168467e-32,
 "h": 2.57759669216997e-28,
 "radius": 1.643500587518385e-32,
 "drop_bound": 2.3009536022220905e-31,
 "secs": 0.38,
 "turning": {
  "min_nonflat": 0.501231761,
  "nflatv": 7
 },
 "develop_spread": 4.095805194048e-15
}