{
 "ok": true,
 "F": 34,
 "nrows": 146,
 "sig_low": 0.10739504818012019,
 "eta": 3.334589181060335e-33,
 "h": 2.4343002421923926e-29,
 "radius": 3.334589181022329e-33,
 "drop_bound": 4.668953238141955e-32,
 "secs": 0.04,
 "turning": {
  "min_nonflat": 2.461918835,
  "nflatv": 19
 },
 "develop_spread": 4.965068306494546e-15
}