{
 "ok": true,
 "F": 51,
 "nrows": 207,
 "sig_low": 0.063015676321052,
 "eta": 8.524363550409852e-33,
 "h": 1.060545790141534e-28,
 "radius": 8.524363550471311e-33,
 "drop_bound": 1.1934637355370531e-31,
 "secs": 0.11,
 "turning": {
  "min_nonflat": 0.367523732,
  "nflatv": 8
 },
 "develop_spread": 5.799786378539274e-15
}