{
 "ok": true,
 "F": 59,
 "nrows": 215,
 "sig_low": 0.056585775934303355,
 "eta": 1.0982147326625894e-32,
 "h": 1.5215844197437533e-28,
 "radius": 1.0982147326616836e-32,
 "drop_bound": 1.5375534054227088e-31,
 "secs": 0.17,
 "turning": {
  "min_nonflat": 1.230959417,
  "nflatv": 8
 },
 "develop_spread": 4.440892098500626e-15
}