{
 "ok": true,
 "F": 97,
 "nrows": 277,
 "sig_low": 0.03534100038393669,
 "eta": 2.890907633233615e-32,
 "h": 6.413150617788732e-28,
 "radius": 2.8909076332314577e-32,
 "drop_bound": 4.0473235249951105e-31,
 "secs": 0.69,
 "turning": {
  "min_nonflat": 0.002711525,
  "nflatv": 2
 },
 "develop_spread": 4.379404155611337e-15
}