{
 "ok": true,
 "F": 36,
 "nrows": 156,
 "sig_low": 0.07186675933653736,
 "eta": 5.2761516980098456e-33,
 "h": 5.755794430453336e-29,
 "radius": 5.276151697996334e-33,
 "drop_bound": 7.387140174158387e-32,
 "secs": 0.05,
 "turning": {
  "min_nonflat": 1.359347638,
  "nflatv": 18
 },
 "develop_spread": 6.093091690756333e-15
}