{
 "ok": true,
 "F": 36,
 "nrows": 156,
 "sig_low": 0.09294267324392817,
 "eta": 4.0797897375779755e-33,
 "h": 3.441427971268397e-29,
 "radius": 4.079789737748219e-33,
 "drop_bound": 5.712234017558201e-32,
 "secs": 0.05,
 "turning": {
  "min_nonflat": 2.461918835,
  "nflatv": 18
 },
 "develop_spread": 8.266503245917838e-15
}