{
 "ok": true,
 "F": 36,
 "nrows": 156,
 "sig_low": 0.09707250473087166,
 "eta": 3.9061606012680395e-33,
 "h": 3.1547861259834254e-29,
 "radius": 3.906160601344532e-33,
 "drop_bound": 5.469153226593039e-32,
 "secs": 0.05,
 "turning": {
  "min_nonflat": 2.461918835,
  "nflatv": 18
 },
 "develop_spread": 9.283482853724433e-15
}