{
 "ok": true,
 "F": 117,
 "nrows": 297,
 "sig_low": 0.02569602626287131,
 "eta": 4.795780857887241e-32,
 "h": 1.4632193141926924e-27,
 "radius": 4.795780857887995e-32,
 "drop_bound": 6.714145980739545e-31,
 "secs": 1.21,
 "turning": {
  "min_nonflat": 0.295504472,
  "nflatv": 3
 },
 "develop_spread": 4.25086404278222e-15
}