{
 "ok": true,
 "F": 36,
 "nrows": 156,
 "sig_low": 0.10180869698643474,
 "eta": 3.724463970809004e-33,
 "h": 2.868104434637176e-29,
 "radius": 3.724463970828932e-33,
 "drop_bound": 5.214777943871199e-32,
 "secs": 0.04,
 "turning": {
  "min_nonflat": 2.461918835,
  "nflatv": 18
 },
 "develop_spread": 3.011959563148489e-15
}