{
 "ok": true,
 "F": 60,
 "nrows": 204,
 "sig_low": 0.05736585464678978,
 "eta": 1.1016471915254202e-32,
 "h": 1.5055844691477317e-28,
 "radius": 1.101647191523281e-32,
 "drop_bound": 1.5423588478289454e-31,
 "secs": 0.18,
 "turning": {
  "min_nonflat": 1.230959417,
  "nflatv": 12
 },
 "develop_spread": 4.782987168225453e-15
}