{
 "ok": true,
 "F": 92,
 "nrows": 276,
 "sig_low": 0.029551062281037453,
 "eta": 3.279109427354119e-32,
 "h": 8.699591800106939e-28,
 "radius": 3.2791094273581316e-32,
 "drop_bound": 4.590806036772454e-31,
 "secs": 0.61,
 "turning": {
  "min_nonflat": 0.084519092,
  "nflatv": 2
 },
 "develop_spread": 5.5688503603976495e-15
}