{
 "ok": true,
 "F": 102,
 "nrows": 270,
 "sig_low": 0.045857614245488384,
 "eta": 2.3427774260045316e-32,
 "h": 4.005305405019531e-28,
 "radius": 2.3427774260023415e-32,
 "drop_bound": 3.27994117609963e-31,
 "secs": 0.8,
 "turning": {
  "min_nonflat": 1.806672673,
  "nflatv": 6
 },
 "develop_spread": 6.619806612176024e-15
}