{
 "ok": true,
 "F": 60,
 "nrows": 204,
 "sig_low": 0.05636462453772511,
 "eta": 1.1212135156050493e-32,
 "h": 1.559544489906109e-28,
 "radius": 1.1212135156182363e-32,
 "drop_bound": 1.5697517015618827e-31,
 "secs": 0.18,
 "turning": {
  "min_nonflat": 0.621297342,
  "nflatv": 12
 },
 "develop_spread": 4.3737714791252564e-15
}