{
 "ok": true,
 "F": 36,
 "nrows": 156,
 "sig_low": 0.0958933602834578,
 "eta": 3.954250250345889e-33,
 "h": 3.23289556973213e-29,
 "radius": 3.9542502504297654e-33,
 "drop_bound": 5.536478735312365e-32,
 "secs": 0.04,
 "turning": {
  "min_nonflat": 2.461918835,
  "nflatv": 18
 },
 "develop_spread": 5.721689223181559e-15
}