{
 "ok": true,
 "F": 102,
 "nrows": 270,
 "sig_low": 0.04652404394950757,
 "eta": 2.309217869153512e-32,
 "h": 3.891378856449377e-28,
 "radius": 2.3092178691557986e-32,
 "drop_bound": 3.23295779651447e-31,
 "secs": 0.8,
 "turning": {
  "min_nonflat": 1.806672673,
  "nflatv": 6
 },
 "develop_spread": 9.861005654604088e-15
}