{
 "ok": true,
 "F": 60,
 "nrows": 204,
 "sig_low": 0.053449824098210315,
 "eta": 1.182356146865109e-32,
 "h": 1.7342755280896866e-28,
 "radius": 1.182356146862266e-32,
 "drop_bound": 1.6553513853035243e-31,
 "secs": 0.18,
 "turning": {
  "min_nonflat": 0.621297342,
  "nflatv": 12
 },
 "develop_spread": 3.216295216128756e-15
}