{
 "ok": true,
 "F": 92,
 "nrows": 276,
 "sig_low": 0.03273657422023878,
 "eta": 2.960010080492492e-32,
 "h": 7.088853853471985e-28,
 "radius": 2.9600100804973235e-32,
 "drop_bound": 4.144066951167322e-31,
 "secs": 0.61,
 "turning": {
  "min_nonflat": 0.182676411,
  "nflatv": 2
 },
 "develop_spread": 3.815356980893987e-15
}