{
 "ok": true,
 "F": 60,
 "nrows": 204,
 "sig_low": 0.06826714053294108,
 "eta": 9.257304158617014e-33,
 "h": 1.063136144812401e-28,
 "radius": 9.257304158720255e-33,
 "drop_bound": 1.2960753619171878e-31,
 "secs": 0.17,
 "turning": {
  "min_nonflat": 1.230959417,
  "nflatv": 12
 },
 "develop_spread": 4.8291511169765815e-15
}