{
 "ok": true,
 "F": 36,
 "nrows": 156,
 "sig_low": 0.09154904216829698,
 "eta": 4.1418945951949084e-33,
 "h": 3.5470009141803065e-29,
 "radius": 4.1418945953733277e-33,
 "drop_bound": 5.799180818233353e-32,
 "secs": 0.05,
 "turning": {
  "min_nonflat": 2.461918835,
  "nflatv": 18
 },
 "develop_spread": 6.444077210035571e-15
}