{
 "ok": true,
 "F": 30,
 "nrows": 126,
 "sig_low": 0.11281388446310106,
 "eta": 2.8009664782363805e-33,
 "h": 1.9465314304070187e-29,
 "radius": 2.8009664781310847e-33,
 "drop_bound": 3.9218808663470374e-32,
 "secs": 0.03,
 "turning": {
  "min_nonflat": 3.821266472,
  "nflatv": 24
 },
 "develop_spread": 4.513845153265833e-15
}