{
 "ok": true,
 "F": 66,
 "nrows": 210,
 "sig_low": 0.058579834292832166,
 "eta": 1.1866979388218018e-32,
 "h": 1.588210679097351e-28,
 "radius": 1.186697938816625e-32,
 "drop_bound": 1.661429894039627e-31,
 "secs": 0.24,
 "turning": {
  "min_nonflat": 0.369025148,
  "nflatv": 12
 },
 "develop_spread": 5.479600186598906e-15
}