{
 "ok": true,
 "F": 36,
 "nrows": 156,
 "sig_low": 0.0937748828384663,
 "eta": 4.0435588105550966e-33,
 "h": 3.3805961804676395e-29,
 "radius": 4.043558810578252e-33,
 "drop_bound": 5.661510719520248e-32,
 "secs": 0.04,
 "turning": {
  "min_nonflat": 2.461918835,
  "nflatv": 18
 },
 "develop_spread": 4.669540497562317e-15
}