{
 "ok": true,
 "F": 36,
 "nrows": 156,
 "sig_low": 0.10108548299828105,
 "eta": 3.751119479925724e-33,
 "h": 2.9092977399255017e-29,
 "radius": 3.7511194798515095e-33,
 "drop_bound": 5.252095656502808e-32,
 "secs": 0.04,
 "turning": {
  "min_nonflat": 2.461918835,
  "nflatv": 18
 },
 "develop_spread": 5.857939004215904e-15
}