{
 "ok": true,
 "F": 93,
 "nrows": 273,
 "sig_low": 0.028635183700618908,
 "eta": 3.4207593071323696e-32,
 "h": 9.365664718029425e-28,
 "radius": 3.420759307133468e-32,
 "drop_bound": 4.789115809683207e-31,
 "secs": 0.62,
 "turning": {
  "min_nonflat": 0.294349612,
  "nflatv": 4
 },
 "develop_spread": 4.550560269027492e-15
}