{
 "ok": true,
 "F": 126,
 "nrows": 318,
 "sig_low": 0.036087071501489355,
 "eta": 3.677557936324985e-32,
 "h": 7.98957993019687e-28,
 "radius": 3.677557936323067e-32,
 "drop_bound": 5.148633949323364e-31,
 "secs": 1.46,
 "turning": {
  "min_nonflat": 1.806672673,
  "nflatv": 1
 },
 "develop_spread": 7.053193662129238e-15
}