{
 "ok": true,
 "F": 93,
 "nrows": 273,
 "sig_low": 0.02771013494293753,
 "eta": 3.5349688674439136e-32,
 "h": 1.0001451085615798e-27,
 "radius": 3.5349688674466833e-32,
 "drop_bound": 4.949009252896427e-31,
 "secs": 0.62,
 "turning": {
  "min_nonflat": 0.221117575,
  "nflatv": 4
 },
 "develop_spread": 4.4242074104630714e-15
}