{
 "ok": true,
 "F": 48,
 "nrows": 192,
 "sig_low": 0.07846123066115618,
 "eta": 6.44361927441061e-33,
 "h": 6.438590713615857e-29,
 "radius": 6.443619274515377e-33,
 "drop_bound": 9.021595369032222e-32,
 "secs": 0.09,
 "turning": {
  "min_nonflat": 1.359347638,
  "nflatv": 13
 },
 "develop_spread": 5.721689223181559e-15
}