{
 "ok": true,
 "F": 126,
 "nrows": 318,
 "sig_low": 0.015222281296457871,
 "eta": 8.71824982794771e-32,
 "h": 4.490199420175931e-27,
 "radius": 8.718249827950614e-32,
 "drop_bound": 1.220560253882721e-30,
 "secs": 1.5,
 "turning": {
  "min_nonflat": 0.718146111,
  "nflatv": 1
 },
 "develop_spread": 6.6585620117071584e-15
}