{
 "ok": true,
 "F": 42,
 "nrows": 186,
 "sig_low": 0.07486873853006573,
 "eta": 5.908731821853212e-33,
 "h": 6.187423268087554e-29,
 "radius": 5.9087318218349114e-33,
 "drop_bound": 8.27275293527957e-32,
 "secs": 0.07,
 "turning": {
  "min_nonflat": 2.461918835,
  "nflatv": 13
 },
 "develop_spread": 1.5303771012045756e-14
}