{
 "ok": true,
 "F": 36,
 "nrows": 156,
 "sig_low": 0.0899456187728149,
 "eta": 4.2157296289412276e-33,
 "h": 3.674589239791703e-29,
 "radius": 4.215729629013605e-33,
 "drop_bound": 5.902549865329742e-32,
 "secs": 0.05,
 "turning": {
  "min_nonflat": 2.461918835,
  "nflatv": 19
 },
 "develop_spread": 6.526751786450488e-15
}