{
 "ok": true,
 "F": 81,
 "nrows": 261,
 "sig_low": 0.020045335174257953,
 "eta": 4.2561269444183647e-32,
 "h": 1.66462845116658e-27,
 "radius": 4.256126944419119e-32,
 "drop_bound": 5.958630560657836e-31,
 "secs": 0.42,
 "turning": {
  "min_nonflat": 0.099222391,
  "nflatv": 4
 },
 "develop_spread": 3.1008879653910563e-15
}