{
 "ok": true,
 "F": 72,
 "nrows": 252,
 "sig_low": 0.03769921758723866,
 "eta": 2.0116004671040417e-32,
 "h": 4.183362061984602e-28,
 "radius": 2.0116004671049208e-32,
 "drop_bound": 2.816293433643241e-31,
 "secs": 0.3,
 "turning": {
  "min_nonflat": 0.571293287,
  "nflatv": 4
 },
 "develop_spread": 4.051933808678556e-15
}