{
 "ok": true,
 "F": 99,
 "nrows": 271,
 "sig_low": 0.04196186888192595,
 "eta": 2.4849666594070546e-32,
 "h": 4.642819571399682e-28,
 "radius": 2.4849666594184724e-32,
 "drop_bound": 3.479006161656931e-31,
 "secs": 0.75,
 "turning": {
  "min_nonflat": 0.065898116,
  "nflatv": 6
 },
 "develop_spread": 6.125373197167204e-15
}