{
 "ok": true,
 "F": 120,
 "nrows": 304,
 "sig_low": 0.0007540190544633484,
 "eta": 1.6762583279986067e-30,
 "h": 1.742908911083477e-24,
 "radius": 1.6762583279986063e-30,
 "drop_bound": 2.3467621869950125e-29,
 "secs": 1.28,
 "turning": {
  "min_nonflat": 0.003038103,
  "nflatv": 3
 },
 "develop_spread": 4.895063839837866e-15
}