{
 "ok": true,
 "F": 36,
 "nrows": 156,
 "sig_low": 0.08448989389234467,
 "eta": 4.487899684187937e-33,
 "h": 4.164419187088295e-29,
 "radius": 4.487899684398938e-33,
 "drop_bound": 6.283587942869207e-32,
 "secs": 0.04,
 "turning": {
  "min_nonflat": 2.461918835,
  "nflatv": 19
 },
 "develop_spread": 4.701109581559699e-15
}