{
 "ok": true,
 "F": 55,
 "nrows": 211,
 "sig_low": 0.06289190947352627,
 "eta": 9.211103172056739e-33,
 "h": 1.1482406794998496e-28,
 "radius": 9.211103172171887e-33,
 "drop_bound": 1.289607223800416e-31,
 "secs": 0.14,
 "turning": {
  "min_nonflat": 1.230959417,
  "nflatv": 10
 },
 "develop_spread": 5.921312339638782e-15
}