{
 "ok": true,
 "F": 106,
 "nrows": 298,
 "sig_low": 0.021453510170480913,
 "eta": 5.204121510264153e-32,
 "h": 1.9018012584537517e-27,
 "radius": 5.204121510265263e-32,
 "drop_bound": 7.285822952842437e-31,
 "secs": 0.92,
 "turning": {
  "min_nonflat": 0.003460364,
  "nflatv": 2
 },
 "develop_spread": 5.515752908306924e-15
}