{
 "ok": true,
 "F": 138,
 "nrows": 334,
 "sig_low": 0.019481496410304885,
 "eta": 7.460997432178453e-32,
 "h": 3.0025527113686254e-27,
 "radius": 7.460997432182855e-32,
 "drop_bound": 1.044544918475235e-30,
 "secs": 1.97,
 "turning": {
  "min_nonflat": 0.370374694,
  "nflatv": 1
 },
 "develop_spread": 5.068262347813025e-15
}