{
 "ok": true,
 "F": 94,
 "nrows": 286,
 "sig_low": 0.023323798093662817,
 "eta": 4.2449322081552583e-32,
 "h": 1.4268803210476954e-27,
 "radius": 4.244932208155098e-32,
 "drop_bound": 5.942957929888206e-31,
 "secs": 0.63,
 "turning": {
  "min_nonflat": 0.095289795,
  "nflatv": 2
 },
 "develop_spread": 3.7155169009665e-15
}