{
 "ok": true,
 "F": 60,
 "nrows": 204,
 "sig_low": 0.04025590878813214,
 "eta": 1.5698736875073134e-32,
 "h": 3.0573920899000564e-28,
 "radius": 1.5698736875125256e-32,
 "drop_bound": 2.197875942213888e-31,
 "secs": 0.18,
 "turning": {
  "min_nonflat": 1.213985008,
  "nflatv": 14
 },
 "develop_spread": 2.5468671054250572e-15
}