{
 "ok": true,
 "F": 70,
 "nrows": 246,
 "sig_low": 0.045810705736528914,
 "eta": 1.6094395275778638e-32,
 "h": 2.7543792860953468e-28,
 "radius": 1.6094395275769549e-32,
 "drop_bound": 2.253268118304089e-31,
 "secs": 0.27,
 "turning": {
  "min_nonflat": 0.378568054,
  "nflatv": 6
 },
 "develop_spread": 1.0490285805369229e-14
}