{
 "ok": true,
 "F": 132,
 "nrows": 324,
 "sig_low": 0.01570140965730424,
 "eta": 8.85469853872759e-32,
 "h": 4.421312357220741e-27,
 "radius": 8.85469853872837e-32,
 "drop_bound": 1.239663073391607e-30,
 "secs": 1.72,
 "turning": {
  "min_nonflat": 1.091099594,
  "nflatv": 2
 },
 "develop_spread": 4.850798046563627e-15
}