{
 "ok": true,
 "F": 36,
 "nrows": 156,
 "sig_low": 0.09937319878105062,
 "eta": 3.815754206536672e-33,
 "h": 3.010420651262367e-29,
 "radius": 3.8157542067630286e-33,
 "drop_bound": 5.342584274178935e-32,
 "secs": 0.05,
 "turning": {
  "min_nonflat": 2.461918835,
  "nflatv": 20
 },
 "develop_spread": 7.327471962526033e-15
}