{
 "ok": true,
 "F": 58,
 "nrows": 226,
 "sig_low": 0.06126019230302975,
 "eta": 9.972239975763015e-33,
 "h": 1.2762343451885533e-28,
 "radius": 9.972239975842123e-33,
 "drop_bound": 1.396166376314249e-31,
 "secs": 0.16,
 "turning": {
  "min_nonflat": 1.230959417,
  "nflatv": 8
 },
 "develop_spread": 5.145497462003087e-15
}