{
 "ok": true,
 "F": 60,
 "nrows": 204,
 "sig_low": 0.07418508884364976,
 "eta": 8.518817195671698e-33,
 "h": 9.00282359367736e-29,
 "radius": 8.518817195871352e-33,
 "drop_bound": 1.1926871871183413e-31,
 "secs": 0.18,
 "turning": {
  "min_nonflat": 1.230959417,
  "nflatv": 14
 },
 "develop_spread": 4.1954092705889645e-15
}