{
 "ok": true,
 "F": 58,
 "nrows": 226,
 "sig_low": 0.056344158817449634,
 "eta": 1.0842335913422134e-32,
 "h": 1.5086552953365602e-28,
 "radius": 1.0842335913529167e-32,
 "drop_bound": 1.5179798075904352e-31,
 "secs": 0.16,
 "turning": {
  "min_nonflat": 1.230959417,
  "nflatv": 8
 },
 "develop_spread": 5.760335218184685e-15
}