{
 "ok": true,
 "F": 40,
 "nrows": 176,
 "sig_low": 0.07052421442327589,
 "eta": 5.974062715113995e-33,
 "h": 6.641215654723508e-29,
 "radius": 5.974062715056617e-33,
 "drop_bound": 8.364216185789958e-32,
 "secs": 0.06,
 "turning": {
  "min_nonflat": 2.461918835,
  "nflatv": 16
 },
 "develop_spread": 4.741575244451873e-15
}