{
 "ok": true,
 "F": 40,
 "nrows": 176,
 "sig_low": 0.07300964699939792,
 "eta": 5.77071110067389e-33,
 "h": 6.196766713535322e-29,
 "radius": 5.770711100841692e-33,
 "drop_bound": 8.079523925889063e-32,
 "secs": 0.06,
 "turning": {
  "min_nonflat": 2.461918835,
  "nflatv": 16
 },
 "develop_spread": 5.329070518200751e-15
}