{
 "ok": true,
 "F": 48,
 "nrows": 192,
 "sig_low": 0.074182402733388,
 "eta": 6.815316468178823e-33,
 "h": 7.2027973133409e-29,
 "radius": 6.815316468358404e-33,
 "drop_bound": 9.541970852665284e-32,
 "secs": 0.09,
 "turning": {
  "min_nonflat": 1.213985008,
  "nflatv": 14
 },
 "develop_spread": 4.311326371230795e-15
}