{
 "ok": true,
 "F": 78,
 "nrows": 254,
 "sig_low": 0.05388925423552471,
 "eta": 1.5245391419943656e-32,
 "h": 2.21795366122484e-28,
 "radius": 1.5245391420094145e-32,
 "drop_bound": 2.1344075785095324e-31,
 "secs": 0.37,
 "turning": {
  "min_nonflat": 0.501231761,
  "nflatv": 6
 },
 "develop_spread": 6.1854469444995704e-15
}