{
 "ok": true,
 "F": 106,
 "nrows": 298,
 "sig_low": 0.027053271700352304,
 "eta": 4.126908946909497e-32,
 "h": 1.1959723948415863e-27,
 "radius": 4.126908946911544e-32,
 "drop_bound": 5.777725364147231e-31,
 "secs": 0.92,
 "turning": {
  "min_nonflat": 0.00266673,
  "nflatv": 2
 },
 "develop_spread": 5.9580819677934555e-15
}