{
 "ok": true,
 "F": 132,
 "nrows": 324,
 "sig_low": 0.03434708356987524,
 "eta": 4.047844295487942e-32,
 "h": 9.239532437175929e-28,
 "radius": 4.047844295494364e-32,
 "drop_bound": 5.667034734613744e-31,
 "secs": 1.69,
 "turning": {
  "min_nonflat": 1.806672673,
  "nflatv": 2
 },
 "develop_spread": 4.806124569859041e-15
}