{
 "ok": true,
 "F": 47,
 "nrows": 195,
 "sig_low": 0.0758383674143431,
 "eta": 6.527587877836586e-33,
 "h": 6.748073660741806e-29,
 "radius": 6.527587878024024e-33,
 "drop_bound": 9.139151413944329e-32,
 "secs": 0.09,
 "turning": {
  "min_nonflat": 1.359347638,
  "nflatv": 13
 },
 "develop_spread": 4.318467880798754e-15
}